0.000010 0.000010 0.000010 0.000010 0.999960
0.000010 0.000010 0.000010 0.000010 0.999960
0.000010 0.000010 0.000010 0.000010 0.999960
0.000010 0.000010 0.000010 0.000010 0.999960
0.000010 0.000010 0.000010 0.000010 0.999960
0.017993 0.005645 0.002218 0.000010 0.974134
0.002748 0.001122 0.000010 0.000010 0.996109
0.000010 0.000010 0.000010 0.000010 0.999960
0.000010 0.000010 0.000010 0.000010 0.999960
0.000010 0.000010 0.000010 0.000010 0.999960
0.000010 0.000010 0.000010 0.000010 0.999960
0.000010 0.000010 0.000010 0.000010 0.999960
0.000010 0.000010 0.000010 0.000010 0.999960
0.011230 0.000010 0.000156 0.000010 0.988593
0.023973 0.000010 0.003904 0.000308 0.971806
0.000010 0.000010 0.000010 0.000010 0.999960
0.000010 0.000010 0.000010 0.000010 0.999960
0.026023 0.007223 0.000256 0.004249 0.962249
0.008852 0.004053 0.008543 0.005531 0.973021
0.000010 0.000010 0.000010 0.000010 0.999960
0.829236 0.000010 0.000010 0.000010 0.170734
0.782306 0.000010 0.000010 0.000010 0.217664
0.822131 0.005867 0.002590 0.000010 0.169402
0.925269 0.000010 0.000010 0.000010 0.074701
0.850493 0.000224 0.013735 0.000010 0.135538
0.870815 0.007807 0.006805 0.000010 0.114563
0.982102 0.003739 0.000010 0.000010 0.014139
0.975975 0.005986 0.000010 0.000010 0.018018
0.981550 0.000218 0.009192 0.000767 0.008273
0.966350 0.006387 0.008151 0.000010 0.019103
0.923766 0.003818 0.007034 0.000010 0.065373
0.930734 0.005712 0.000010 0.004710 0.058835
0.933645 0.000010 0.011182 0.000010 0.055153
0.908516 0.002105 0.006173 0.000010 0.083196
0.892154 0.008110 0.012231 0.000010 0.087496
0.839360 0.036427 0.094380 0.029822 0.000010
0.802188 0.046978 0.102415 0.034974 0.013446
0.806211 0.055400 0.104893 0.033486 0.000010
0.835237 0.046626 0.084062 0.034065 0.000010
0.406205 0.012848 0.530131 0.050806 0.000010
0.000010 0.000010 0.000010 0.000010 0.999960
0.065780 0.006250 0.002774 0.000010 0.925186
0.791594 0.000010 0.000010 0.000010 0.208376
0.756932 0.000010 0.000010 0.000010 0.243038
0.949312 0.000010 0.000010 0.000010 0.050658
0.921584 0.000061 0.000010 0.000010 0.078335
0.876798 0.005166 0.003485 0.003389 0.111162
0.814171 0.001730 0.011137 0.000010 0.172952
0.987139 0.000010 0.000010 0.002359 0.010483
0.968763 0.007518 0.002934 0.000010 0.020776
0.960239 0.001518 0.015884 0.003463 0.018897
0.977181 0.011220 0.000010 0.002948 0.008642
0.917339 0.007689 0.014873 0.000010 0.060088
0.918611 0.014887 0.002933 0.000883 0.062686
0.910882 0.005200 0.006775 0.000010 0.077133
0.929798 0.006049 0.005592 0.000010 0.058551
0.915536 0.004185 0.004473 0.000807 0.074999
0.627986 0.035121 0.064764 0.012383 0.259747
0.834999 0.038902 0.096017 0.030072 0.000010
0.724772 0.040742 0.061849 0.029382 0.143255
0.834891 0.046953 0.077192 0.040954 0.000010
0.549441 0.016006 0.381715 0.052828 0.000010
0.000010 0.000010 0.000010 0.000010 0.999960
0.000010 0.000010 0.000010 0.000010 0.999960
0.000010 0.000010 0.000010 0.000010 0.999960
0.000010 0.000012 0.000010 0.000010 0.999958
0.000010 0.000010 0.001373 0.000010 0.998597
0.009564 0.002120 0.000010 0.000010 0.988296
0.000010 0.000010 0.000010 0.000010 0.999960
0.000010 0.000012 0.000010 0.000010 0.999958
0.015203 0.004962 0.008841 0.001646 0.969348
0.000010 0.014937 0.004596 0.006884 0.973573
0.785638 0.000010 0.000010 0.000010 0.214332
0.780803 0.000010 0.000010 0.000010 0.219167
0.777988 0.000010 0.000010 0.000010 0.221982
0.883216 0.009456 0.014088 0.003320 0.089920
0.929017 0.005064 0.000010 0.000010 0.065899
0.892428 0.007749 0.011963 0.000010 0.087850
0.978212 0.006698 0.003882 0.000085 0.011124
0.992413 0.004919 0.000010 0.002647 0.000010
0.977087 0.004065 0.007475 0.002309 0.009065
0.966189 0.006808 0.006870 0.004919 0.015213
0.922909 0.008501 0.003337 0.000010 0.065244
0.928648 0.006418 0.000442 0.000010 0.064483
0.000010 0.000010 0.000010 0.000010 0.999960
0.000010 0.000010 0.000010 0.000010 0.999960
0.000010 0.000010 0.000010 0.000010 0.999960
0.000010 0.000010 0.000010 0.000010 0.999960
0.011617 0.006694 0.000010 0.000010 0.981668
0.005196 0.003092 0.000010 0.000010 0.991692
0.000010 0.000010 0.000010 0.000010 0.999960
0.000010 0.000010 0.000010 0.000010 0.999960
0.066216 0.006562 0.002954 0.000010 0.924258
0.002128 0.003042 0.016841 0.001669 0.976319
0.787318 0.000010 0.000010 0.000010 0.212652
0.777524 0.000010 0.000010 0.000010 0.222446
0.785361 0.000010 0.000010 0.000010 0.214609
0.894898 0.006042 0.007657 0.000010 0.091393
0.899439 0.001688 0.020333 0.000010 0.078530
0.876188 0.012214 0.005444 0.000010 0.106143
0.926938 0.000992 0.007913 0.000010 0.064147
0.964839 0.008655 0.000010 0.001969 0.024527
0.960078 0.002224 0.008116 0.003780 0.025802
0.954003 0.012365 0.000010 0.000010 0.033612
0.929013 0.004283 0.005972 0.000010 0.060723
0.923963 0.010249 0.004102 0.001026 0.060661
0.000010 0.000010 0.000010 0.000010 0.999960
0.000010 0.000010 0.000010 0.000010 0.999960
0.000010 0.000010 0.000010 0.000010 0.999960
0.000010 0.000010 0.000010 0.000010 0.999960
0.023078 0.000010 0.000010 0.000010 0.976892
0.012298 0.005051 0.000010 0.000010 0.982630
0.000010 0.000010 0.000010 0.000010 0.999960
0.015130 0.008846 0.008708 0.000010 0.967306
0.000010 0.000010 0.000010 0.000010 0.999960
0.025198 0.005479 0.003062 0.000010 0.966251
0.022254 0.009882 0.000010 0.000010 0.967844
0.806855 0.000010 0.000010 0.000010 0.193115
0.779103 0.000010 0.000010 0.000010 0.220867
0.784606 0.000010 0.000010 0.000010 0.215364
0.909367 0.004820 0.011437 0.004603 0.069774
0.837863 0.006622 0.000010 0.000010 0.155494
0.849196 0.004409 0.003702 0.000010 0.142684
0.951153 0.000010 0.000010 0.000010 0.048817
0.968746 0.003512 0.000010 0.005053 0.022679
0.975550 0.000010 0.000010 0.005793 0.018637
0.990945 0.000010 0.000010 0.000010 0.009025
0.982305 0.004424 0.000340 0.003404 0.009528
0.935288 0.004673 0.000010 0.000010 0.060019
0.909942 0.002257 0.007439 0.000010 0.080352
0.000010 0.000010 0.000010 0.000010 0.999960
0.000010 0.000010 0.000010 0.000010 0.999960
0.000010 0.000010 0.000010 0.000010 0.999960
0.000010 0.000010 0.000010 0.000010 0.999960
0.003656 0.007634 0.000010 0.000010 0.988690
0.030745 0.000432 0.000010 0.000010 0.968804
0.000010 0.000010 0.000010 0.000010 0.999960
0.000010 0.000010 0.000010 0.000010 0.999960
0.000010 0.000010 0.000010 0.000010 0.999960
0.114677 0.010239 0.013810 0.000010 0.861264
0.000010 0.000015 0.000010 0.000010 0.999955
0.758246 0.000010 0.000010 0.000010 0.241724
0.778629 0.000010 0.000010 0.000010 0.221341
0.779213 0.000010 0.000010 0.000010 0.220757
0.952334 0.000010 0.000010 0.000010 0.047636
0.885675 0.006218 0.013935 0.000010 0.094162
0.909636 0.003052 0.000955 0.000010 0.086347
0.933547 0.000010 0.005200 0.000010 0.061234
0.976712 0.004328 0.007021 0.000010 0.011929
0.980907 0.005076 0.000010 0.001227 0.012780
0.966492 0.006609 0.002275 0.000010 0.024614
0.976445 0.002002 0.010054 0.000010 0.011489
0.880167 0.007386 0.007018 0.000010 0.105419
0.804091 0.002874 0.013786 0.000010 0.179239
0.000010 0.000010 0.000010 0.000010 0.999960
0.000010 0.000010 0.000010 0.000010 0.999960
0.000010 0.000013 0.000010 0.000010 0.999957
0.000010 0.000010 0.000010 0.000010 0.999960
0.000010 0.000010 0.000010 0.000010 0.999960
0.020228 0.006957 0.000010 0.000010 0.972795
0.026579 0.000010 0.000010 0.000010 0.973391
0.000010 0.000010 0.000010 0.000010 0.999960
0.000010 0.000010 0.000010 0.000010 0.999960
0.111862 0.009004 0.004289 0.000010 0.874836
0.000010 0.000010 0.000010 0.000010 0.999960
0.745234 0.000010 0.000010 0.000010 0.254736
0.768928 0.000010 0.000010 0.000010 0.231042
0.774025 0.000010 0.000010 0.000010 0.225945
0.889211 0.006299 0.000010 0.000010 0.104470
0.886856 0.014368 0.002969 0.000010 0.095796
0.832885 0.004143 0.011956 0.000010 0.151007
0.920190 0.000010 0.002277 0.000010 0.077513
0.965824 0.003666 0.004347 0.000164 0.025999
0.981354 0.006429 0.004898 0.000010 0.007310
0.957447 0.011442 0.002802 0.007815 0.020494
0.966857 0.008982 0.003246 0.000010 0.020906
0.920735 0.003934 0.006543 0.000010 0.068778
0.923688 0.003174 0.002813 0.003577 0.066749
0.000010 0.000010 0.000010 0.000010 0.999960
0.000010 0.000010 0.000010 0.000010 0.999960
0.000010 0.000010 0.000010 0.000010 0.999960
0.000010 0.000010 0.000010 0.000010 0.999960
0.008243 0.001874 0.000010 0.000010 0.989863
0.000010 0.000010 0.000010 0.000010 0.999960
0.000010 0.000010 0.000010 0.000010 0.999960
0.000010 0.000010 0.000010 0.000010 0.999960
0.027903 0.007390 0.000010 0.000010 0.964687
0.000010 0.005962 0.000010 0.000010 0.994008
0.755899 0.000010 0.000010 0.000010 0.244071
0.404026 0.000010 0.000010 0.000010 0.595944
0.911144 0.003341 0.002987 0.000010 0.082518
0.905997 0.006950 0.000012 0.000010 0.087031
0.944041 0.000010 0.000010 0.000010 0.055929
0.904640 0.011439 0.007083 0.000010 0.076828
0.939433 0.000956 0.000010 0.000010 0.059591
0.978852 0.004271 0.000010 0.000010 0.016857
0.974641 0.006420 0.000010 0.000010 0.018918
0.963681 0.008487 0.001199 0.000010 0.026623
0.894798 0.000481 0.025721 0.000010 0.078989
0.922832 0.004553 0.004670 0.000010 0.067935
0.000010 0.000010 0.000010 0.000010 0.999960
0.000010 0.000010 0.000010 0.000010 0.999960
0.000010 0.000010 0.000010 0.000010 0.999960
0.000010 0.000010 0.000010 0.000010 0.999960
0.018062 0.000143 0.000010 0.000010 0.981775
0.050977 0.000010 0.000010 0.000010 0.948993
0.000010 0.000010 0.000010 0.000010 0.999960
0.000010 0.000010 0.000010 0.000010 0.999960
0.931362 0.005427 0.000010 0.000010 0.063192
0.983090 0.000697 0.002392 0.000010 0.013811
0.931268 0.004521 0.011103 0.000010 0.053098
0.978848 0.006199 0.000010 0.000010 0.014934
0.975653 0.003529 0.010570 0.000010 0.010238
0.917270 0.012056 0.000010 0.001385 0.069279
0.930264 0.000010 0.004786 0.000010 0.064930
0.918461 0.000017 0.011512 0.000010 0.070000
0.918015 0.000689 0.012668 0.001915 0.066714
0.833387 0.051856 0.086348 0.028400 0.000010
0.836226 0.041989 0.092963 0.028812 0.000010
0.831489 0.046071 0.081470 0.032101 0.008868
0.831060 0.041165 0.091971 0.035795 0.000010
0.812667 0.039886 0.111488 0.026391 0.009567
0.000010 0.000010 0.000010 0.000010 0.999960
0.000010 0.000010 0.000010 0.000010 0.999960
0.000010 0.000010 0.000010 0.000010 0.999960
0.000010 0.000018 0.000011 0.000010 0.999951
0.002821 0.004568 0.000010 0.001161 0.991439
0.004332 0.000010 0.000328 0.000687 0.994643
0.000010 0.000010 0.000010 0.000010 0.999960
0.000010 0.000010 0.000010 0.000010 0.999960
0.948619 0.001969 0.000010 0.000010 0.049391
0.897530 0.011096 0.020628 0.008032 0.062714
0.959909 0.004878 0.008248 0.003475 0.023491
0.953897 0.007071 0.010025 0.002991 0.026017
0.999959 0.000010 0.000010 0.000010 0.000010
0.989650 0.002569 0.002913 0.000010 0.004857
0.911919 0.006257 0.014384 0.000010 0.067430
0.926383 0.005478 0.005061 0.000010 0.063069
0.936132 0.006043 0.000010 0.000010 0.057805
0.840427 0.009390 0.005667 0.000010 0.144506
0.822553 0.037042 0.104105 0.036289 0.000010
0.688529 0.043402 0.077803 0.030773 0.159492
0.861515 0.036992 0.075603 0.025879 0.000010
0.759063 0.029347 0.072907 0.028209 0.110475
0.429324 0.013626 0.509441 0.047599 0.000010
0.452165 0.012815 0.494713 0.040297 0.000010
0.000010 0.000010 0.000010 0.000010 0.999960
0.969326 0.000010 0.000010 0.030644 0.000010
0.000010 0.000010 0.000010 0.000010 0.999960
0.007070 0.007062 0.000010 0.000010 0.985848
0.006306 0.000010 0.000010 0.000010 0.993664
0.000010 0.000010 0.000010 0.000010 0.999960
0.901109 0.012358 0.007763 0.000010 0.078760
0.943235 0.000010 0.000010 0.000010 0.056735
0.973547 0.007052 0.000010 0.000010 0.019381
0.962224 0.008812 0.009727 0.000010 0.019228
0.977674 0.002349 0.001166 0.000554 0.018257
0.999960 0.000010 0.000010 0.000010 0.000010
0.881023 0.006136 0.001332 0.000010 0.111499
0.978423 0.006675 0.006493 0.000010 0.008399
0.925935 0.008076 0.004759 0.000010 0.061219
0.874320 0.008823 0.010402 0.000010 0.106445
0.843416 0.036637 0.094073 0.025864 0.000010
0.823551 0.046052 0.090603 0.034874 0.004920
0.766299 0.055238 0.136959 0.034332 0.007172
0.809062 0.035164 0.077142 0.029908 0.048724
0.517629 0.010294 0.426002 0.046065 0.000010
0.883812 0.003536 0.017066 0.000010 0.095576
0.000010 0.000010 0.000010 0.000010 0.999960
0.000010 0.000010 0.000010 0.000010 0.999960
0.018443 0.000010 0.000010 0.000010 0.981527
0.000010 0.000010 0.000010 0.000010 0.999960
0.024804 0.005961 0.001241 0.004308 0.963686
0.000010 0.002577 0.000013 0.000010 0.997391
0.763845 0.000010 0.000010 0.000010 0.236125
0.708903 0.000010 0.000010 0.000010 0.291067
0.939048 0.000010 0.000010 0.000010 0.060922
0.894327 0.008470 0.004580 0.000010 0.092613
0.989163 0.000010 0.000010 0.000966 0.009851
0.965777 0.014995 0.000853 0.000010 0.018365
0.984893 0.005473 0.000953 0.002279 0.006402
0.961625 0.010786 0.000010 0.000010 0.027569
0.911929 0.000179 0.013933 0.000010 0.073948
0.876311 0.009323 0.001761 0.000010 0.112595
0.897014 0.015180 0.007241 0.000010 0.080554
0.846058 0.036199 0.100678 0.017055 0.000010
0.764157 0.061551 0.105753 0.040574 0.027965
0.838290 0.047759 0.062554 0.030321 0.021076
0.849516 0.035857 0.076747 0.037871 0.000010
0.425031 0.007505 0.520482 0.046973 0.000010
0.896392 0.000010 0.014071 0.000010 0.089517
0.934071 0.003787 0.000010 0.000010 0.062122
0.843005 0.009563 0.001375 0.000010 0.146047
0.842688 0.048346 0.080708 0.028248 0.000010
0.843461 0.041216 0.089969 0.025344 0.000010
0.846156 0.031990 0.075635 0.036098 0.010121
0.840802 0.037507 0.073617 0.037339 0.010734
0.458686 0.008174 0.494141 0.038990 0.000010
0.489800 0.017986 0.445823 0.046381 0.000010
0.833223 0.039756 0.073578 0.032293 0.021150
0.841529 0.035558 0.074226 0.021304 0.027383
0.718951 0.069946 0.118076 0.037501 0.055526
0.751479 0.059631 0.139025 0.049855 0.000010
0.750788 0.061941 0.146515 0.040747 0.000010
0.767739 0.052919 0.129423 0.049909 0.000010
0.773382 0.047334 0.135456 0.043818 0.000010
0.794680 0.057181 0.098419 0.049710 0.000010
0.800927 0.041163 0.105141 0.052758 0.000010
0.692301 0.056072 0.204323 0.047294 0.000010
0.669488 0.057325 0.217845 0.055332 0.000010
0.000010 0.000010 0.999960 0.000010 0.000010
0.000010 0.000014 0.989218 0.010748 0.000010
0.000010 0.000010 0.999960 0.000010 0.000010
0.001879 0.005275 0.991568 0.001269 0.000010
0.906715 0.000010 0.014033 0.000010 0.079232
0.926015 0.003126 0.009112 0.000010 0.061737
0.906553 0.002252 0.018453 0.002470 0.070272
0.810025 0.036329 0.109764 0.039685 0.004197
0.807636 0.042716 0.082688 0.025991 0.040969
0.844196 0.040434 0.085662 0.029698 0.000010
0.802893 0.039339 0.118703 0.028876 0.010189
0.438197 0.003065 0.517333 0.041396 0.000010
0.463479 0.007033 0.487433 0.042045 0.000010
0.845320 0.038737 0.072950 0.021726 0.021267
0.820848 0.039007 0.061826 0.025855 0.052463
0.703086 0.062391 0.148941 0.047375 0.038207
0.741467 0.063996 0.145619 0.048908 0.000010
0.786245 0.052808 0.114910 0.046027 0.000010
0.715574 0.076133 0.170909 0.037373 0.000010
0.759691 0.052461 0.140469 0.047369 0.000010
0.804320 0.047184 0.090687 0.057799 0.000010
0.813891 0.038583 0.097324 0.050193 0.000010
0.675811 0.052031 0.222681 0.049467 0.000010
0.672293 0.049262 0.222505 0.055930 0.000010
0.000010 0.000010 0.999960 0.000010 0.000010
0.000010 0.000010 0.999960 0.000010 0.000010
0.000010 0.006777 0.993193 0.000010 0.000010
0.000010 0.000010 0.999960 0.000010 0.000010
0.881406 0.002826 0.012527 0.000010 0.103232
0.913058 0.006033 0.008204 0.000010 0.072695
0.910291 0.003225 0.003663 0.000010 0.082812
0.818220 0.048601 0.072559 0.027951 0.032668
0.844257 0.045424 0.079387 0.030922 0.000010
0.785873 0.047527 0.128492 0.038098 0.000010
0.795937 0.060911 0.116989 0.022537 0.003626
0.433291 0.017454 0.497664 0.051581 0.000010
0.427234 0.018178 0.520013 0.034565 0.000010
0.800557 0.033707 0.071022 0.026407 0.068306
0.709417 0.056305 0.132958 0.032016 0.069304
0.734708 0.069252 0.148066 0.041333 0.006641
0.762031 0.051467 0.147199 0.039293 0.000010
0.798622 0.036291 0.126628 0.038449 0.000010
0.699405 0.076916 0.189143 0.034525 0.000010
0.834003 0.044027 0.091104 0.027251 0.003615
0.801880 0.045472 0.106542 0.046096 0.000010
0.792884 0.046486 0.110493 0.050126 0.000010
0.687522 0.054753 0.213189 0.044526 0.000010
0.678785 0.051142 0.221224 0.048839 0.000010
0.000010 0.000010 0.999960 0.000010 0.000010
0.000010 0.000010 0.999960 0.000010 0.000010
0.000010 0.000010 0.999960 0.000010 0.000010
0.019520 0.000010 0.980450 0.000010 0.000010
0.906937 0.013598 0.003873 0.000730 0.074862
0.921779 0.000010 0.008147 0.000010 0.070054
0.803863 0.042392 0.074537 0.019770 0.059438
0.652898 0.089247 0.216756 0.041089 0.000010
0.806484 0.048326 0.099482 0.036127 0.009581
0.471599 0.008096 0.477188 0.043107 0.000010
0.922958 0.003409 0.007454 0.001857 0.064322
0.435789 0.020848 0.497638 0.045715 0.000010
0.852649 0.041932 0.075879 0.029530 0.000010
0.660218 0.033421 0.067952 0.020382 0.218027
0.732562 0.070408 0.157803 0.039217 0.000010
0.745035 0.065435 0.150092 0.039428 0.000010
0.759428 0.050197 0.141717 0.048647 0.000010
0.792434 0.047552 0.122476 0.037528 0.000010
0.807479 0.044985 0.102150 0.045376 0.000010
0.796854 0.042042 0.106253 0.054841 0.000010
0.799986 0.045271 0.092133 0.062600 0.000010
0.677214 0.051998 0.215301 0.055477 0.000010
0.695463 0.047653 0.215479 0.041395 0.000010
0.000010 0.000010 0.999960 0.000010 0.000010
0.000010 0.000010 0.999960 0.000010 0.000010
0.000010 0.000010 0.999960 0.000010 0.000010
0.000300 0.000010 0.999670 0.000010 0.000010
0.006346 0.000629 0.000010 0.000010 0.993005
0.000010 0.000010 0.999960 0.000010 0.000010
0.000010 0.010974 0.988996 0.000010 0.000010
0.000010 0.003157 0.996813 0.000010 0.000010
0.022606 0.000010 0.944145 0.033229 0.000010
0.035320 0.000010 0.944821 0.019839 0.000010
0.007559 0.000010 0.940792 0.051629 0.000010
0.023549 0.000010 0.953392 0.023038 0.000010
0.403314 0.014390 0.529380 0.052907 0.000010
0.000010 0.000010 0.999960 0.000010 0.000010
0.000010 0.000010 0.999960 0.000010 0.000010
0.048011 0.000010 0.915917 0.036052 0.000010
0.116526 0.000010 0.819465 0.063989 0.000010
0.038586 0.000010 0.928420 0.032974 0.000010
0.046300 0.000296 0.939027 0.014367 0.000010
0.436894 0.010063 0.496791 0.056242 0.000010
0.436190 0.011583 0.519448 0.032769 0.000010
0.000010 0.000193 0.999777 0.000010 0.000010
0.000010 0.004915 0.995055 0.000010 0.000010
0.000010 0.000010 0.999960 0.000010 0.000010
0.044578 0.000010 0.927127 0.028275 0.000010
0.041616 0.000010 0.936795 0.021569 0.000010
0.000010 0.000010 0.966910 0.033060 0.000010
0.067468 0.000010 0.909666 0.022846 0.000010
0.383149 0.004091 0.570564 0.042186 0.000010
0.908972 0.002946 0.006337 0.001126 0.080618
0.927795 0.004746 0.000010 0.000010 0.067439
0.843560 0.051424 0.084505 0.020501 0.000010
0.797978 0.044675 0.092517 0.037500 0.027330
0.845859 0.044311 0.084583 0.025238 0.000010
0.850084 0.031272 0.091145 0.027489 0.000010
0.775706 0.048419 0.106668 0.024471 0.044736
0.396735 0.007313 0.547064 0.048878 0.000010
0.432076 0.013389 0.513239 0.041286 0.000010
0.834052 0.044848 0.059945 0.030292 0.030863
0.778378 0.036930 0.071655 0.024406 0.088631
0.641821 0.053090 0.112333 0.039892 0.152864
0.743144 0.060599 0.155226 0.041021 0.000010
0.601132 0.022794 0.329086 0.046979 0.000010
0.762883 0.047501 0.149696 0.039910 0.000010
0.793715 0.048449 0.104569 0.053257 0.000010
0.794651 0.044423 0.101343 0.059573 0.000010
0.796043 0.051001 0.102587 0.050359 0.000010
0.631176 0.069766 0.252579 0.046469 0.000010
0.685280 0.053240 0.214890 0.046580 0.000010
0.000010 0.000010 0.999960 0.000010 0.000010
0.000010 0.000010 0.999960 0.000010 0.000010
0.000010 0.000010 0.999960 0.000010 0.000010
0.026694 0.006049 0.961881 0.005366 0.000010
0.425949 0.012892 0.508431 0.052718 0.000010
0.646193 0.021447 0.290181 0.042169 0.000010
0.721051 0.058145 0.130782 0.040132 0.049890
0.846526 0.044540 0.071022 0.037901 0.000010
0.742169 0.059063 0.154918 0.043840 0.000010
0.759567 0.061089 0.134942 0.044392 0.000010
0.761630 0.055457 0.136981 0.045922 0.000010
0.801694 0.039586 0.115506 0.043204 0.000010
0.802555 0.046142 0.100821 0.050472 0.000010
0.800787 0.041708 0.104010 0.053485 0.000010
0.669717 0.054880 0.222866 0.052526 0.000010
0.681496 0.048637 0.222757 0.047100 0.000010
0.000010 0.002595 0.997375 0.000010 0.000010
0.000010 0.000010 0.999960 0.000010 0.000010
0.018505 0.002656 0.972857 0.005972 0.000010
0.000010 0.000010 0.999960 0.000010 0.000010
0.000010 0.010743 0.983658 0.005580 0.000010
0.000010 0.005045 0.994925 0.000010 0.000010
0.016278 0.000010 0.926895 0.056807 0.000010
0.025543 0.000010 0.940605 0.033832 0.000010
0.030132 0.000010 0.942479 0.027370 0.000010
0.437844 0.007399 0.504910 0.049837 0.000010
0.422915 0.012835 0.506069 0.058171 0.000010
0.492225 0.025871 0.063636 0.024686 0.393583
0.831796 0.043753 0.065257 0.028296 0.030898
0.828347 0.034698 0.089024 0.027887 0.020044
0.736680 0.066369 0.156060 0.040881 0.000010
0.709261 0.064544 0.173374 0.047152 0.005670
0.751848 0.062931 0.138214 0.046997 0.000010
0.725746 0.069005 0.154527 0.050712 0.000010
0.801585 0.040788 0.105278 0.052340 0.000010
0.798696 0.055343 0.101943 0.044008 0.000010
0.677211 0.042426 0.224369 0.055984 0.000010
0.000010 0.000010 0.990898 0.009072 0.000010
0.000010 0.000010 0.999960 0.000010 0.000010
0.000010 0.001896 0.998074 0.000010 0.000010
0.009153 0.000010 0.982512 0.008315 0.000010
0.000010 0.000010 0.999960 0.000010 0.000010
0.000010 0.012633 0.977410 0.009937 0.000010
0.000010 0.000010 0.999960 0.000010 0.000010
0.000010 0.000010 0.924904 0.075066 0.000010
0.023720 0.000010 0.947175 0.029085 0.000010
0.016896 0.000010 0.939042 0.044042 0.000010
0.023965 0.000010 0.951030 0.024986 0.000010
0.335322 0.008954 0.596728 0.058986 0.000010
0.465288 0.014617 0.475735 0.044350 0.000010
0.809726 0.036580 0.069431 0.033464 0.050798
0.808961 0.031930 0.081547 0.031608 0.045955
0.764247 0.064881 0.125715 0.045148 0.000010
0.744354 0.067724 0.149471 0.038441 0.000010
0.754629 0.055167 0.149915 0.040279 0.000010
0.794332 0.037767 0.121918 0.045973 0.000010
0.854502 0.038527 0.080159 0.026802 0.000010
0.796470 0.052698 0.096219 0.054603 0.000010
0.801462 0.044592 0.098863 0.055074 0.000010
0.683649 0.049794 0.211186 0.055360 0.000010
0.651401 0.060107 0.237143 0.051338 0.000010
0.000010 0.000010 0.999960 0.000010 0.000010
0.000010 0.000010 0.999960 0.000010 0.000010
0.000010 0.000010 0.999960 0.000010 0.000010
0.001568 0.003127 0.975021 0.020274 0.000010
0.000010 0.000010 0.999960 0.000010 0.000010
0.000010 0.002380 0.990794 0.006805 0.000010
0.000010 0.000010 0.999960 0.000010 0.000010
0.017380 0.000010 0.893239 0.089361 0.000010
0.048028 0.000010 0.922264 0.029688 0.000010
0.000010 0.000010 0.967500 0.032470 0.000010
0.114209 0.000820 0.866031 0.018929 0.000010
0.490002 0.020473 0.443406 0.046109 0.000010
0.457887 0.022907 0.475777 0.043419 0.000010
0.806520 0.035603 0.088565 0.031838 0.037474
0.798509 0.042911 0.080048 0.024959 0.053573
0.745655 0.064622 0.142440 0.047273 0.000010
0.726591 0.079264 0.142522 0.051614 0.000010
0.786219 0.044496 0.126323 0.042952 0.000010
0.808725 0.037765 0.106330 0.047170 0.000010
0.796207 0.040061 0.114432 0.049290 0.000010
0.803162 0.043694 0.102237 0.050898 0.000010
0.794539 0.046092 0.114457 0.044902 0.000010
0.665965 0.052352 0.224540 0.057133 0.000010
0.692462 0.052968 0.205220 0.049340 0.000010
0.000010 0.000010 0.999934 0.000036 0.000010
0.000010 0.000010 0.999960 0.000010 0.000010
0.000010 0.000010 0.999960 0.000010 0.000010
0.013241 0.000010 0.981931 0.004808 0.000010
0.000010 0.000010 0.999960 0.000010 0.000010
0.000010 0.005718 0.994252 0.000010 0.000010
0.019241 0.000010 0.958226 0.022513 0.000010
0.029687 0.003069 0.926997 0.040237 0.000010
0.041123 0.000010 0.929385 0.029472 0.000010
0.000010 0.000010 0.944485 0.055485 0.000010
0.000010 0.008585 0.991385 0.000010 0.000010
0.688023 0.036025 0.066743 0.032220 0.176988
0.430237 0.007027 0.519725 0.043001 0.000010
0.731550 0.031660 0.063435 0.024213 0.149142
0.823556 0.040470 0.064989 0.026952 0.044034
0.428955 0.038357 0.089457 0.024182 0.419050
0.830022 0.054027 0.081331 0.034610 0.000010
0.761157 0.058083 0.134858 0.045892 0.000010
0.778200 0.046713 0.116836 0.058241 0.000010
0.793192 0.053095 0.092847 0.060856 0.000010
0.680320 0.051608 0.211883 0.056180 0.000010
0.687154 0.046853 0.215459 0.050524 0.000010
0.000010 0.000010 0.999960 0.000010 0.000010
0.000010 0.000010 0.999960 0.000010 0.000010
0.000010 0.000010 0.999960 0.000010 0.000010
0.000010 0.000010 0.999960 0.000010 0.000010
0.828664 0.038298 0.087379 0.035780 0.009880
0.000010 0.007331 0.987911 0.004737 0.000010
0.000010 0.000010 0.999960 0.000010 0.000010
0.024658 0.000010 0.910277 0.065045 0.000010
0.034719 0.000010 0.937347 0.027914 0.000010
0.097775 0.000010 0.842445 0.059761 0.000010
0.005508 0.001021 0.952209 0.041252 0.000010
0.514328 0.015000 0.425514 0.045148 0.000010
0.000010 0.016978 0.982992 0.000010 0.000010
0.428989 0.005462 0.518331 0.047208 0.000010
0.778201 0.040641 0.091127 0.029531 0.060499
0.841109 0.031461 0.072337 0.032970 0.022123
0.653030 0.064667 0.136816 0.038370 0.107116
0.744675 0.058858 0.148334 0.048123 0.000010
0.778410 0.046821 0.123211 0.051547 0.000010
0.797855 0.042763 0.107689 0.051682 0.000010
0.820141 0.031917 0.064539 0.027616 0.055787
0.829096 0.036355 0.068157 0.024044 0.042349
0.755483 0.063802 0.139824 0.040881 0.000010
0.754985 0.052888 0.140852 0.051265 0.000010
0.759968 0.049081 0.157056 0.033885 0.000010
0.000010 0.000010 0.999960 0.000010 0.000010
0.006907 0.000010 0.940113 0.052961 0.000010
0.000010 0.019054 0.980916 0.000010 0.000010
0.000010 0.000010 0.999960 0.000010 0.000010
0.033395 0.000010 0.914828 0.051757 0.000010
0.029007 0.000010 0.947193 0.023780 0.000010
0.207800 0.000010 0.756739 0.035441 0.000010
0.443256 0.008882 0.495947 0.051905 0.000010
0.000010 0.019533 0.980437 0.000010 0.000010
0.789146 0.043174 0.118077 0.049593 0.000010
0.656079 0.052078 0.238005 0.053828 0.000010
0.689234 0.056994 0.215625 0.038137 0.000010
0.679424 0.049567 0.219276 0.051722 0.000010
0.000010 0.000010 0.999960 0.000010 0.000010
0.000010 0.000010 0.999960 0.000010 0.000010
0.000010 0.000010 0.999960 0.000010 0.000010
0.000010 0.000010 0.999960 0.000010 0.000010
0.000010 0.015075 0.982198 0.002708 0.000010
0.002686 0.000010 0.927830 0.069464 0.000010
0.044005 0.000010 0.923466 0.032509 0.000010
0.063860 0.000010 0.916547 0.019573 0.000010
0.012607 0.000010 0.953305 0.034068 0.000010
0.028144 0.000010 0.950361 0.021475 0.000010
0.000010 0.019256 0.980714 0.000010 0.000010
0.000010 0.007165 0.992805 0.000010 0.000010
0.000010 0.000010 0.999960 0.000010 0.000010
0.032568 0.000010 0.923695 0.043717 0.000010
0.042709 0.000010 0.928904 0.028367 0.000010
0.114373 0.000010 0.823742 0.061864 0.000010
0.010216 0.000010 0.955925 0.033839 0.000010
0.472971 0.014013 0.461531 0.051476 0.000010
0.000010 0.017106 0.982864 0.000010 0.000010
0.000010 0.009286 0.990684 0.000010 0.000010
0.000010 0.009640 0.990330 0.000010 0.000010
0.000010 0.000010 0.999960 0.000010 0.000010
0.060142 0.006586 0.915109 0.018154 0.000010
0.105386 0.000010 0.817664 0.076930 0.000010
0.158253 0.000010 0.765724 0.076003 0.000010
0.000010 0.000010 0.999960 0.000010 0.000010
0.000010 0.000010 0.999960 0.000010 0.000010
0.000010 0.000010 0.999960 0.000010 0.000010
0.000010 0.024095 0.975875 0.000010 0.000010
0.000010 0.999960 0.000010 0.000010 0.000010
0.000010 0.999960 0.000010 0.000010 0.000010
0.000010 0.924197 0.075773 0.000010 0.000010
0.000010 0.923840 0.076130 0.000010 0.000010
0.980872 0.000010 0.000010 0.019098 0.000010
0.969097 0.000010 0.000010 0.030873 0.000010
0.994355 0.000010 0.000010 0.005615 0.000010
0.988897 0.000010 0.000010 0.011073 0.000010
0.999960 0.000010 0.000010 0.000010 0.000010
0.999959 0.000010 0.000011 0.000010 0.000010
0.999960 0.000010 0.000010 0.000010 0.000010
0.989751 0.000010 0.000010 0.010219 0.000010
0.965614 0.000010 0.000010 0.034356 0.000010
0.973213 0.000010 0.000010 0.026756 0.000010
0.000010 0.012795 0.987175 0.000010 0.000010
0.000010 0.009460 0.990510 0.000010 0.000010
0.000010 0.000016 0.999954 0.000010 0.000010
0.074655 0.003321 0.898917 0.023097 0.000010
0.135886 0.000010 0.787254 0.076840 0.000010
0.008878 0.000010 0.881193 0.109909 0.000010
0.000010 0.000010 0.999960 0.000010 0.000010
0.000010 0.000010 0.999960 0.000010 0.000010
0.082350 0.001215 0.072472 0.843952 0.000010
0.071922 0.058413 0.869645 0.000010 0.000010
0.000010 0.999960 0.000010 0.000010 0.000010
0.000010 0.999960 0.000010 0.000010 0.000010
0.000010 0.999960 0.000010 0.000010 0.000010
0.981723 0.000010 0.000010 0.018247 0.000010
0.972246 0.000010 0.000010 0.027724 0.000010
0.029183 0.000010 0.934482 0.036315 0.000010
0.989315 0.000010 0.000010 0.010655 0.000010
0.989399 0.000010 0.000010 0.010571 0.000010
0.999960 0.000010 0.000010 0.000010 0.000010
0.999960 0.000010 0.000010 0.000010 0.000010
0.999960 0.000010 0.000010 0.000010 0.000010
0.986267 0.000010 0.000010 0.013703 0.000010
0.971305 0.000010 0.000010 0.028665 0.000010
0.973864 0.000010 0.000010 0.026106 0.000010
0.000010 0.016830 0.983140 0.000010 0.000010
0.000010 0.003810 0.996160 0.000010 0.000010
0.000010 0.007041 0.992437 0.000501 0.000010
0.041196 0.002378 0.940586 0.015830 0.000010
0.156500 0.000010 0.767717 0.075764 0.000010
0.083442 0.000010 0.832734 0.083804 0.000010
0.000010 0.000010 0.999960 0.000010 0.000010
0.000010 0.000010 0.999960 0.000010 0.000010
0.000010 0.000010 0.998984 0.000986 0.000010
0.046830 0.042400 0.910750 0.000010 0.000010
0.000010 0.834789 0.165181 0.000010 0.000010
0.000010 0.999960 0.000010 0.000010 0.000010
0.000010 0.976363 0.023607 0.000010 0.000010
0.979691 0.000010 0.000010 0.020279 0.000010
0.980104 0.000010 0.000010 0.019866 0.000010
0.978248 0.000010 0.000010 0.021722 0.000010
0.989620 0.000010 0.000010 0.010350 0.000010
0.993655 0.000010 0.000010 0.006315 0.000010
0.999960 0.000010 0.000010 0.000010 0.000010
0.999960 0.000010 0.000010 0.000010 0.000010
0.985616 0.000010 0.000010 0.014354 0.000010
0.984361 0.000010 0.000010 0.015609 0.000010
0.964266 0.000010 0.000010 0.035704 0.000010
0.963943 0.000010 0.000010 0.036027 0.000010
0.000010 0.017903 0.982067 0.000010 0.000010
0.000010 0.018188 0.981782 0.000010 0.000010
0.000010 0.000905 0.999065 0.000010 0.000010
0.080878 0.008120 0.900672 0.010321 0.000010
0.319109 0.000010 0.603603 0.077268 0.000010
0.113130 0.000010 0.810461 0.076389 0.000010
0.000010 0.000010 0.999353 0.000617 0.000010
0.000010 0.000010 0.995475 0.004495 0.000010
0.000010 0.000010 0.999960 0.000010 0.000010
0.093549 0.056298 0.845205 0.004938 0.000010
0.000010 0.999960 0.000010 0.000010 0.000010
0.000010 0.999954 0.000010 0.000016 0.000010
0.000010 0.937801 0.062169 0.000010 0.000010
0.978150 0.000010 0.000010 0.021820 0.000010
0.971825 0.000010 0.000010 0.028145 0.000010
0.985737 0.001598 0.001613 0.011041 0.000010
0.688278 0.054946 0.202762 0.054004 0.000010
0.680157 0.052049 0.218673 0.049111 0.000010
0.000010 0.000010 0.998767 0.001203 0.000010
0.000010 0.000010 0.999960 0.000010 0.000010
0.011250 0.000010 0.983810 0.004921 0.000010
0.901898 0.003480 0.013697 0.000010 0.080915
0.000010 0.014612 0.985358 0.000010 0.000010
0.000010 0.000010 0.999960 0.000010 0.000010
0.000010 0.001386 0.998584 0.000010 0.000010
0.064273 0.000010 0.919364 0.016343 0.000010
0.181932 0.000010 0.734840 0.083208 0.000010
0.097319 0.000010 0.816279 0.086381 0.000010
0.000010 0.002716 0.992403 0.004862 0.000010
0.000010 0.000010 0.999960 0.000010 0.000010
0.000010 0.004711 0.993225 0.002044 0.000010
0.035393 0.043336 0.921251 0.000010 0.000010
0.000010 0.999960 0.000010 0.000010 0.000010
0.000010 0.952253 0.047717 0.000010 0.000010
0.000010 0.999960 0.000010 0.000010 0.000010
0.976399 0.000010 0.000010 0.023571 0.000010
0.967843 0.000010 0.000010 0.032127 0.000010
0.977475 0.000010 0.000010 0.022495 0.000010
0.000010 0.000010 0.999960 0.000010 0.000010
0.000010 0.018591 0.981192 0.000197 0.000010
0.100467 0.000010 0.816706 0.082806 0.000010
0.087792 0.000010 0.828512 0.083676 0.000010
0.241466 0.000010 0.679805 0.078709 0.000010
0.000010 0.000010 0.999960 0.000010 0.000010
0.000010 0.015552 0.984418 0.000010 0.000010
0.000010 0.000010 0.999960 0.000010 0.000010
0.000010 0.009677 0.990293 0.000010 0.000010
0.052044 0.000010 0.930911 0.017025 0.000010
0.094278 0.000010 0.816557 0.089145 0.000010
0.102458 0.000010 0.818960 0.078562 0.000010
0.000010 0.000010 0.999960 0.000010 0.000010
0.000010 0.000010 0.999960 0.000010 0.000010
0.000010 0.000010 0.996374 0.003596 0.000010
0.072065 0.064823 0.863092 0.000010 0.000010
0.000010 0.999960 0.000010 0.000010 0.000010
0.000010 0.964101 0.035869 0.000010 0.000010
0.000010 0.999960 0.000010 0.000010 0.000010
0.966156 0.000010 0.000010 0.033814 0.000010
0.979756 0.000010 0.000010 0.020214 0.000010
0.976316 0.000018 0.000010 0.023646 0.000010
0.987918 0.000010 0.000010 0.012052 0.000010
0.999960 0.000010 0.000010 0.000010 0.000010
0.999960 0.000010 0.000010 0.000010 0.000010
0.980576 0.001176 0.000010 0.018228 0.000010
0.978128 0.004106 0.003217 0.014539 0.000010
0.963574 0.000010 0.000010 0.036396 0.000010
0.903452 0.002640 0.069954 0.023943 0.000010
0.847870 0.040766 0.081538 0.029816 0.000010
0.000010 0.026437 0.973533 0.000010 0.000010
0.000010 0.000010 0.999960 0.000010 0.000010
0.000010 0.012615 0.985785 0.001580 0.000010
0.078387 0.002034 0.896176 0.023393 0.000010
0.111293 0.000010 0.802790 0.085897 0.000010
0.126840 0.000010 0.794150 0.078990 0.000010
0.000010 0.000010 0.998896 0.001074 0.000010
0.000010 0.000010 0.996509 0.003461 0.000010
0.000010 0.000010 0.994539 0.005431 0.000010
0.065719 0.052824 0.881437 0.000010 0.000010
0.000010 0.999960 0.000010 0.000010 0.000010
0.000010 0.958310 0.041660 0.000010 0.000010
0.000010 0.957559 0.042411 0.000010 0.000010
0.977821 0.000010 0.000010 0.022149 0.000010
0.969200 0.000010 0.000010 0.030770 0.000010
0.977623 0.000010 0.005162 0.017195 0.000010
0.870840 0.000010 0.089701 0.039439 0.000010
0.881012 0.000010 0.064265 0.054703 0.000010
0.874070 0.001537 0.065719 0.058664 0.000010
0.000010 0.000010 0.000010 0.999960 0.000010
0.022102 0.000010 0.061444 0.916435 0.000010
0.054679 0.000010 0.091607 0.853694 0.000010
0.278830 0.001533 0.060449 0.653896 0.005291
0.000010 0.999960 0.000010 0.000010 0.000010
0.000010 0.999956 0.000010 0.000014 0.000010
0.000010 0.980488 0.019482 0.000010 0.000010
0.000010 0.999960 0.000010 0.000010 0.000010
0.980068 0.000010 0.003341 0.016571 0.000010
0.973671 0.000010 0.000010 0.026299 0.000010
0.000010 0.013832 0.986138 0.000010 0.000010
0.000010 0.000010 0.999960 0.000010 0.000010
0.071214 0.006061 0.907162 0.015553 0.000010
0.102290 0.000010 0.816242 0.081448 0.000010
0.104164 0.000010 0.802319 0.093497 0.000010
0.000010 0.000010 0.993769 0.006201 0.000010
0.991177 0.000010 0.000010 0.008793 0.000010
0.996273 0.000010 0.000010 0.003697 0.000010
0.999960 0.000010 0.000010 0.000010 0.000010
0.999960 0.000010 0.000010 0.000010 0.000010
0.988585 0.000010 0.000010 0.011385 0.000010
0.995992 0.000010 0.000010 0.003978 0.000010
0.966789 0.000010 0.000010 0.033181 0.000010
0.893317 0.007789 0.073736 0.025148 0.000010
0.000010 0.000010 0.000010 0.999960 0.000010
0.000010 0.000010 0.000010 0.999960 0.000010
0.000010 0.000010 0.000010 0.999960 0.000010
0.000010 0.000010 0.000010 0.999960 0.000010
0.000010 0.000010 0.000010 0.999960 0.000010
0.000010 0.000010 0.000010 0.999960 0.000010
0.000010 0.000010 0.000010 0.999960 0.000010
0.000010 0.000010 0.000010 0.999960 0.000010
0.000010 0.020484 0.979486 0.000010 0.000010
0.000010 0.000010 0.999960 0.000010 0.000010
0.000010 0.009643 0.983517 0.006820 0.000010
0.056235 0.003641 0.923427 0.016687 0.000010
0.105578 0.000010 0.812075 0.082327 0.000010
0.141241 0.000010 0.771455 0.087284 0.000010
0.000010 0.000010 0.999951 0.000019 0.000010
0.000010 0.000010 0.991390 0.008580 0.000010
0.088403 0.062081 0.849496 0.000010 0.000010
0.000010 0.999960 0.000010 0.000010 0.000010
0.000010 0.986906 0.013064 0.000010 0.000010
0.000010 0.974664 0.025306 0.000010 0.000010
0.973332 0.000010 0.000010 0.026638 0.000010
0.979363 0.000010 0.000010 0.020607 0.000010
0.992056 0.000010 0.000010 0.007914 0.000010
0.000010 0.000010 0.000010 0.999960 0.000010
0.000010 0.000011 0.000010 0.999959 0.000010
0.000010 0.000010 0.000010 0.999960 0.000010
0.000010 0.000010 0.000010 0.999960 0.000010
0.000010 0.000010 0.000012 0.999958 0.000010
0.999958 0.000010 0.000012 0.000010 0.000010
0.999960 0.000010 0.000010 0.000010 0.000010
0.999959 0.000010 0.000011 0.000010 0.000010
0.081448 0.069429 0.848107 0.001006 0.000010
0.000010 0.999960 0.000010 0.000010 0.000010
0.000010 0.999953 0.000017 0.000010 0.000010
0.000010 0.996825 0.003145 0.000010 0.000010
0.968501 0.000010 0.000010 0.031469 0.000010
0.987477 0.000010 0.000010 0.012493 0.000010
0.990603 0.000010 0.000010 0.009367 0.000010
0.985366 0.000010 0.000010 0.014604 0.000010
0.992442 0.000010 0.000010 0.007528 0.000010
0.999188 0.000010 0.000010 0.000010 0.000782
0.999960 0.000010 0.000010 0.000010 0.000010
0.991501 0.000010 0.000010 0.008469 0.000010
0.983171 0.000010 0.001552 0.015257 0.000010
0.967664 0.000010 0.000010 0.032306 0.000010
0.939941 0.000010 0.034551 0.025488 0.000010
0.000010 0.000010 0.000010 0.999960 0.000010
0.000010 0.000010 0.000010 0.999960 0.000010
0.000010 0.000010 0.000010 0.999960 0.000010
0.000010 0.000010 0.000010 0.999960 0.000010
0.000010 0.000010 0.000010 0.999960 0.000010
0.985372 0.000010 0.000010 0.014598 0.000010
0.995573 0.000010 0.000010 0.004397 0.000010
0.971162 0.000010 0.000010 0.028808 0.000010
0.987748 0.000010 0.000010 0.012222 0.000010
0.990895 0.000010 0.000010 0.009075 0.000010
0.999960 0.000010 0.000010 0.000010 0.000010
0.999960 0.000010 0.000010 0.000010 0.000010
0.987347 0.000010 0.000010 0.012623 0.000010
0.992678 0.000010 0.000010 0.007292 0.000010
0.972499 0.000010 0.000010 0.027471 0.000010
0.928632 0.001650 0.057100 0.012608 0.000010
0.926706 0.000010 0.039863 0.033411 0.000010
0.881366 0.001536 0.062038 0.055051 0.000010
0.868723 0.000014 0.072972 0.058282 0.000010
0.879776 0.000010 0.068862 0.051342 0.000010
0.000010 0.000010 0.055337 0.944633 0.000010
0.011299 0.000010 0.084661 0.904020 0.000010
0.053214 0.002311 0.078667 0.813578 0.052230
0.072416 0.000010 0.087194 0.803283 0.037096
0.000010 0.000010 0.031466 0.968504 0.000010
0.000010 0.000010 0.000010 0.999960 0.000010
0.000010 0.000010 0.000010 0.999960 0.000010
0.000010 0.000010 0.000013 0.999957 0.000010
0.000010 0.000010 0.000018 0.999952 0.000010
0.042753 0.000010 0.932492 0.024735 0.000010
0.040731 0.000010 0.937854 0.021396 0.000010
0.482592 0.008668 0.443692 0.065038 0.000010
0.016378 0.004228 0.004791 0.000010 0.974592
0.029338 0.002588 0.003032 0.000387 0.964655
0.000012 0.000010 0.008332 0.000010 0.991637
0.746028 0.000010 0.000010 0.000010 0.253942
0.792768 0.000010 0.000010 0.000010 0.207202
0.925820 0.001681 0.000010 0.000010 0.072478
0.852072 0.004970 0.012426 0.000010 0.130522
0.847153 0.003858 0.002669 0.000010 0.146311
0.987526 0.000010 0.000010 0.012444 0.000010
0.995139 0.000010 0.000010 0.004831 0.000010
0.999955 0.000015 0.000010 0.000010 0.000010
0.999960 0.000010 0.000010 0.000010 0.000010
0.982921 0.000010 0.000010 0.017049 0.000010
0.986246 0.000010 0.000010 0.013724 0.000010
0.962935 0.000010 0.000010 0.037035 0.000010
0.860228 0.007046 0.105537 0.027179 0.000010
0.045159 0.000010 0.047702 0.886525 0.020604
0.000010 0.000010 0.000010 0.999960 0.000010
0.000010 0.000010 0.000010 0.999960 0.000010
0.000010 0.000010 0.000015 0.999955 0.000010
0.000010 0.000010 0.000011 0.999959 0.000010
0.871745 0.000010 0.067327 0.060908 0.000010
0.885852 0.000010 0.062746 0.051383 0.000010
0.000010 0.000010 0.000010 0.999960 0.000010
0.984215 0.000010 0.000010 0.015755 0.000010
0.999960 0.000010 0.000010 0.000010 0.000010
0.999960 0.000010 0.000010 0.000010 0.000010
0.999960 0.000010 0.000010 0.000010 0.000010
0.984060 0.003187 0.000010 0.012733 0.000010
0.985949 0.000010 0.000010 0.014021 0.000010
0.959599 0.000010 0.000010 0.040371 0.000010
0.930578 0.002662 0.042573 0.024177 0.000010
0.897209 0.002827 0.069053 0.030901 0.000010
