0.000010 0.999940 0.000010 0.000010 0.000010 0.000010 0.000010
0.000010 0.987363 0.004105 0.000010 0.000010 0.008491 0.000010
0.000010 0.994211 0.005416 0.000010 0.000010 0.000334 0.000010
0.000010 0.999940 0.000010 0.000010 0.000010 0.000010 0.000010
0.000010 0.990339 0.007860 0.000010 0.000010 0.001761 0.000010
0.000010 0.991351 0.004350 0.000010 0.000010 0.004259 0.000010
0.000010 0.993439 0.005688 0.000010 0.000010 0.000832 0.000010
0.000845 0.992776 0.006338 0.000010 0.000010 0.000010 0.000010
0.000010 0.987406 0.000010 0.000010 0.000010 0.012544 0.000010
0.000010 0.992058 0.006437 0.000010 0.000010 0.001465 0.000010
0.000010 0.999940 0.000010 0.000010 0.000010 0.000010 0.000010
0.000010 0.999940 0.000010 0.000010 0.000010 0.000010 0.000010
0.000010 0.995787 0.000242 0.000010 0.003931 0.000010 0.000010
0.000010 0.990875 0.006365 0.000010 0.000010 0.002720 0.000010
0.000010 0.992634 0.001368 0.000010 0.001685 0.004283 0.000010
0.000010 0.993282 0.003200 0.000010 0.003478 0.000010 0.000010
0.002144 0.994593 0.003223 0.000010 0.000010 0.000010 0.000010
0.000010 0.988590 0.000010 0.000010 0.000010 0.011360 0.000010
0.000010 0.999940 0.000010 0.000010 0.000010 0.000010 0.000010
0.001249 0.995340 0.003371 0.000010 0.000010 0.000010 0.000010
0.000010 0.984214 0.003348 0.000010 0.000010 0.012398 0.000010
0.004777 0.994790 0.000393 0.000010 0.000010 0.000010 0.000010
0.000010 0.999940 0.000010 0.000010 0.000010 0.000010 0.000010
0.000010 0.997072 0.002878 0.000010 0.000010 0.000010 0.000010
0.000010 0.987936 0.003988 0.000010 0.000010 0.008036 0.000010
0.000010 0.999566 0.000384 0.000010 0.000010 0.000010 0.000010
0.000010 0.994548 0.005402 0.000010 0.000010 0.000010 0.000010
0.000010 0.991953 0.000010 0.000010 0.000010 0.007997 0.000010
0.000010 0.995482 0.004468 0.000010 0.000010 0.000010 0.000010
0.000010 0.998187 0.000340 0.000010 0.000010 0.001433 0.000010
0.000010 0.993927 0.002535 0.000010 0.000010 0.003497 0.000010
0.000010 0.990408 0.000010 0.000010 0.000010 0.009542 0.000010
0.002413 0.994351 0.000010 0.000010 0.003196 0.000010 0.000010
0.000010 0.991065 0.000010 0.000010 0.000010 0.008885 0.000010
0.000011 0.997109 0.000010 0.000010 0.000010 0.002840 0.000010
0.000010 0.993869 0.000010 0.000010 0.006081 0.000010 0.000010
0.000010 0.995257 0.000010 0.000010 0.004693 0.000010 0.000010
0.000010 0.999940 0.000010 0.000010 0.000010 0.000010 0.000010
0.000079 0.998622 0.001258 0.000010 0.000010 0.000010 0.000010
0.000010 0.995881 0.000010 0.000010 0.004069 0.000010 0.000010
0.000010 0.990390 0.005849 0.000010 0.000010 0.003721 0.000010
0.000010 0.994842 0.000010 0.000010 0.000817 0.004301 0.000010
0.000010 0.997070 0.000010 0.000010 0.000010 0.002880 0.000010
0.001246 0.998699 0.000010 0.000010 0.000014 0.000010 0.000010
0.000010 0.999634 0.000190 0.000010 0.000136 0.000010 0.000010
0.000010 0.992309 0.000010 0.000010 0.000010 0.007641 0.000010
0.000010 0.999940 0.000010 0.000010 0.000010 0.000010 0.000010
0.000010 0.991644 0.001653 0.000010 0.000010 0.006662 0.000010
0.000010 0.990167 0.000453 0.000010 0.000010 0.009340 0.000010
0.000010 0.999940 0.000010 0.000010 0.000010 0.000010 0.000010
0.000010 0.994733 0.005217 0.000010 0.000010 0.000010 0.000010
0.000010 0.999940 0.000010 0.000010 0.000010 0.000010 0.000010
0.000010 0.992967 0.005726 0.000010 0.001267 0.000010 0.000010
0.000010 0.999940 0.000010 0.000010 0.000010 0.000010 0.000010
0.000010 0.998993 0.000957 0.000010 0.000010 0.000010 0.000010
0.067282 0.911465 0.021212 0.000010 0.000010 0.000010 0.000010
0.053167 0.921663 0.025130 0.000010 0.000010 0.000010 0.000010
0.039906 0.944460 0.015594 0.000010 0.000010 0.000010 0.000010
0.071018 0.916127 0.012815 0.000010 0.000010 0.000010 0.000010
0.076625 0.900184 0.023147 0.000014 0.000010 0.000010 0.000010
0.066787 0.922460 0.010713 0.000010 0.000010 0.000010 0.000010
0.067041 0.913026 0.019893 0.000010 0.000010 0.000010 0.000010
0.068150 0.916332 0.015478 0.000010 0.000010 0.000010 0.000010
0.051895 0.928574 0.007797 0.000010 0.000010 0.010586 0.001129
0.065240 0.909010 0.025710 0.000010 0.000010 0.000010 0.000010
0.059497 0.922552 0.017911 0.000010 0.000010 0.000010 0.000010
0.068194 0.913673 0.016309 0.000010 0.000010 0.001794 0.000010
0.059424 0.919589 0.020947 0.000010 0.000010 0.000010 0.000010
0.077710 0.901163 0.021087 0.000010 0.000010 0.000010 0.000010
0.055588 0.927515 0.016856 0.000010 0.000010 0.000010 0.000010
0.059336 0.926102 0.014522 0.000010 0.000010 0.000010 0.000010
0.049618 0.932482 0.012549 0.000010 0.000010 0.005322 0.000010
0.000010 0.989807 0.005898 0.000010 0.000010 0.004255 0.000010
0.000010 0.998949 0.001001 0.000010 0.000010 0.000010 0.000010
0.000010 0.986003 0.002727 0.000010 0.000010 0.011230 0.000010
0.000010 0.991343 0.000010 0.000010 0.000010 0.008607 0.000010
0.000010 0.991138 0.000718 0.000010 0.000010 0.008104 0.000010
0.000010 0.997151 0.000010 0.000010 0.002799 0.000010 0.000010
0.000010 0.999070 0.000010 0.000010 0.000880 0.000010 0.000010
0.000010 0.992252 0.000082 0.000010 0.000010 0.007627 0.000010
0.000010 0.999346 0.000604 0.000010 0.000010 0.000010 0.000010
0.000010 0.993563 0.001381 0.000010 0.000010 0.005016 0.000010
0.000010 0.993834 0.006116 0.000010 0.000010 0.000010 0.000010
0.000010 0.997499 0.002451 0.000010 0.000010 0.000010 0.000010
0.000010 0.998025 0.000010 0.000010 0.000010 0.001925 0.000010
0.000010 0.999940 0.000010 0.000010 0.000010 0.000010 0.000010
0.000010 0.994475 0.000232 0.000010 0.004002 0.001260 0.000010
0.000010 0.996124 0.000010 0.000010 0.003826 0.000010 0.000010
0.000010 0.994513 0.003702 0.000010 0.000010 0.001744 0.000010
0.000010 0.999940 0.000010 0.000010 0.000010 0.000010 0.000010
0.000010 0.999940 0.000010 0.000010 0.000010 0.000010 0.000010
0.000010 0.992566 0.000020 0.000010 0.007374 0.000010 0.000010
0.000010 0.993478 0.005281 0.000010 0.000010 0.001201 0.000010
0.000010 0.997243 0.000010 0.000010 0.002707 0.000010 0.000010
0.000010 0.997314 0.000010 0.000010 0.002636 0.000010 0.000010
0.000010 0.999940 0.000010 0.000010 0.000010 0.000010 0.000010
0.000010 0.995433 0.000010 0.000010 0.004517 0.000010 0.000010
0.000010 0.997341 0.000010 0.000010 0.002609 0.000010 0.000010
0.000010 0.997603 0.000010 0.000010 0.002284 0.000072 0.000010
0.000010 0.999940 0.000010 0.000010 0.000010 0.000010 0.000010
0.000010 0.999940 0.000010 0.000010 0.000010 0.000010 0.000010
0.001879 0.990524 0.006299 0.000010 0.000010 0.001269 0.000010
0.000010 0.999940 0.000010 0.000010 0.000010 0.000010 0.000010
0.060222 0.926524 0.013214 0.000010 0.000010 0.000010 0.000010
0.069035 0.919411 0.011514 0.000010 0.000010 0.000010 0.000010
0.022648 0.938655 0.011327 0.000010 0.027340 0.000010 0.000010
0.057990 0.923443 0.018527 0.000010 0.000010 0.000010 0.000010
0.066124 0.907155 0.016465 0.000010 0.010226 0.000010 0.000010
0.085178 0.898810 0.015972 0.000010 0.000010 0.000010 0.000010
0.052778 0.931307 0.015875 0.000010 0.000010 0.000010 0.000010
0.057347 0.930570 0.012042 0.000010 0.000010 0.000010 0.000010
0.031233 0.935885 0.012532 0.000010 0.020320 0.000010 0.000010
0.061513 0.922001 0.016446 0.000010 0.000010 0.000010 0.000010
0.034143 0.947428 0.012885 0.000010 0.005513 0.000010 0.000010
0.048641 0.921337 0.023683 0.000010 0.006309 0.000010 0.000010
0.062553 0.925952 0.011455 0.000010 0.000010 0.000010 0.000010
0.059505 0.922559 0.017893 0.000010 0.000013 0.000010 0.000010
0.069505 0.921428 0.009027 0.000010 0.000010 0.000010 0.000010
0.059950 0.924805 0.015205 0.000010 0.000010 0.000010 0.000010
0.058919 0.916495 0.017201 0.000010 0.007355 0.000010 0.000010
0.036705 0.881351 0.022568 0.000010 0.000010 0.059346 0.000010
0.047654 0.869589 0.020787 0.000010 0.000010 0.061941 0.000010
0.036678 0.883212 0.024376 0.000010 0.000010 0.055703 0.000010
0.040476 0.946095 0.013389 0.000010 0.000010 0.000010 0.000010
0.064643 0.915936 0.017699 0.000010 0.001686 0.000015 0.000010
0.055292 0.921028 0.017445 0.000010 0.006205 0.000010 0.000010
0.042115 0.937141 0.012225 0.000010 0.008489 0.000010 0.000010
0.036433 0.956009 0.007519 0.000010 0.000010 0.000010 0.000010
0.068768 0.916306 0.014886 0.000010 0.000010 0.000010 0.000010
0.057450 0.919157 0.023353 0.000010 0.000010 0.000010 0.000010
0.042529 0.942249 0.015026 0.000010 0.000166 0.000010 0.000010
0.062425 0.925297 0.012238 0.000010 0.000010 0.000010 0.000010
0.052575 0.927380 0.016227 0.000010 0.003788 0.000010 0.000010
0.061290 0.917289 0.016987 0.000010 0.004404 0.000010 0.000010
0.074674 0.912287 0.009175 0.000010 0.003834 0.000010 0.000010
0.058181 0.914731 0.026948 0.000010 0.000109 0.000010 0.000010
0.071824 0.902917 0.020484 0.000010 0.004744 0.000010 0.000010
0.059986 0.929022 0.010952 0.000010 0.000010 0.000010 0.000010
0.048994 0.925046 0.016070 0.000010 0.009860 0.000010 0.000010
0.049191 0.928814 0.016571 0.000010 0.005394 0.000010 0.000010
0.051403 0.935871 0.011145 0.000010 0.001551 0.000010 0.000010
0.056020 0.930173 0.013767 0.000010 0.000010 0.000010 0.000010
0.060698 0.926595 0.012667 0.000010 0.000010 0.000010 0.000010
0.046798 0.927015 0.017026 0.000010 0.009130 0.000010 0.000010
0.029568 0.943063 0.012237 0.000010 0.015102 0.000010 0.000010
0.046958 0.931296 0.012946 0.000010 0.008771 0.000010 0.000010
0.071614 0.917325 0.011021 0.000010 0.000010 0.000010 0.000010
0.039390 0.938734 0.015092 0.000010 0.006754 0.000010 0.000010
0.062207 0.930042 0.007709 0.000010 0.000012 0.000010 0.000010
0.054107 0.925245 0.007514 0.000010 0.013103 0.000010 0.000010
0.031478 0.924865 0.012294 0.005085 0.019314 0.006953 0.000010
0.058717 0.921586 0.014159 0.000010 0.005507 0.000010 0.000010
0.059178 0.925158 0.015624 0.000010 0.000010 0.000010 0.000010
0.024891 0.966907 0.006473 0.000010 0.001700 0.000010 0.000010
0.038482 0.920681 0.015179 0.000010 0.025628 0.000010 0.000010
0.037594 0.933794 0.011507 0.000010 0.017076 0.000010 0.000010
0.063401 0.921615 0.014944 0.000010 0.000010 0.000010 0.000010
0.026954 0.959985 0.013021 0.000010 0.000010 0.000010 0.000010
0.058671 0.925438 0.015851 0.000010 0.000010 0.000010 0.000010
0.029094 0.919841 0.015094 0.000010 0.035941 0.000010 0.000010
0.047392 0.936738 0.015830 0.000010 0.000010 0.000010 0.000010
0.054822 0.924086 0.021052 0.000010 0.000010 0.000010 0.000010
0.052114 0.938670 0.009176 0.000010 0.000010 0.000010 0.000010
0.063786 0.901574 0.034601 0.000010 0.000010 0.000010 0.000010
0.036410 0.937747 0.017820 0.000010 0.000010 0.007993 0.000010
0.077583 0.905483 0.016893 0.000011 0.000010 0.000010 0.000010
0.049453 0.927041 0.019744 0.000010 0.000010 0.003733 0.000010
0.041706 0.930249 0.023963 0.000010 0.000010 0.004052 0.000010
0.062873 0.914124 0.022963 0.000010 0.000010 0.000010 0.000010
0.061061 0.918399 0.020500 0.000010 0.000010 0.000010 0.000010
0.065193 0.920864 0.013903 0.000010 0.000010 0.000010 0.000010
0.078592 0.903528 0.017840 0.000010 0.000010 0.000010 0.000010
0.066588 0.916823 0.016549 0.000010 0.000010 0.000010 0.000010
0.056304 0.927927 0.015729 0.000010 0.000010 0.000010 0.000010
0.052400 0.933457 0.014103 0.000010 0.000010 0.000010 0.000010
0.073818 0.904860 0.021282 0.000010 0.000010 0.000010 0.000010
0.052429 0.925613 0.013368 0.000010 0.008559 0.000010 0.000010
0.041624 0.947106 0.011035 0.000010 0.000204 0.000010 0.000010
0.040895 0.924242 0.014393 0.000010 0.020440 0.000010 0.000010
0.045409 0.938866 0.015685 0.000010 0.000010 0.000010 0.000010
0.033584 0.958659 0.007717 0.000010 0.000010 0.000010 0.000010
0.035563 0.929337 0.017133 0.000010 0.017937 0.000010 0.000010
0.066784 0.913118 0.013643 0.000010 0.006425 0.000010 0.000010
0.050254 0.913946 0.021742 0.000010 0.014027 0.000010 0.000010
0.053375 0.933736 0.012850 0.000010 0.000010 0.000010 0.000010
0.414181 0.000010 0.000010 0.000010 0.585769 0.000010 0.000010
0.427805 0.000015 0.000010 0.000010 0.572140 0.000010 0.000010
0.350139 0.000010 0.000010 0.000010 0.649811 0.000010 0.000010
0.372470 0.000010 0.000010 0.000010 0.627480 0.000010 0.000010
0.427345 0.000010 0.000010 0.000010 0.553713 0.018902 0.000010
0.419710 0.000010 0.000010 0.000010 0.557211 0.023040 0.000010
0.365029 0.000010 0.000010 0.000010 0.634921 0.000010 0.000010
0.388164 0.000010 0.000010 0.000010 0.611786 0.000010 0.000010
0.369979 0.000010 0.000010 0.000010 0.629971 0.000010 0.000010
0.368124 0.000010 0.000010 0.000010 0.631826 0.000010 0.000010
0.384354 0.000010 0.000010 0.000010 0.615596 0.000010 0.000010
0.401310 0.000010 0.000010 0.000010 0.598638 0.000011 0.000010
0.337083 0.000010 0.000010 0.000010 0.662867 0.000010 0.000010
0.345741 0.000010 0.000010 0.000010 0.654209 0.000010 0.000010
0.378315 0.000010 0.000010 0.000010 0.621630 0.000014 0.000010
0.382611 0.000010 0.000010 0.000010 0.617339 0.000010 0.000010
0.370718 0.000010 0.000010 0.000010 0.629232 0.000010 0.000010
0.385932 0.000010 0.000010 0.000010 0.614018 0.000010 0.000010
0.396293 0.000010 0.000010 0.000010 0.603654 0.000014 0.000010
0.381143 0.000010 0.000010 0.000010 0.618807 0.000010 0.000010
0.360237 0.000010 0.000010 0.000010 0.639713 0.000010 0.000010
0.373671 0.000010 0.000010 0.000010 0.626279 0.000010 0.000010
0.368541 0.000010 0.000010 0.000010 0.631403 0.000016 0.000010
0.382727 0.000010 0.000010 0.000010 0.617222 0.000011 0.000010
0.386611 0.000010 0.000010 0.000010 0.613339 0.000010 0.000010
0.381886 0.000010 0.000010 0.000010 0.618064 0.000010 0.000010
0.422466 0.000010 0.000010 0.000010 0.577484 0.000010 0.000010
0.386529 0.000010 0.000010 0.000010 0.613421 0.000010 0.000010
0.377845 0.000014 0.000010 0.000010 0.622101 0.000010 0.000010
0.385846 0.000010 0.000010 0.000010 0.614104 0.000010 0.000010
0.434915 0.000010 0.000010 0.000010 0.565035 0.000010 0.000010
0.382692 0.000010 0.000010 0.000010 0.617258 0.000010 0.000010
0.383510 0.000010 0.000010 0.000010 0.616440 0.000010 0.000010
0.408720 0.000010 0.000010 0.000010 0.591230 0.000010 0.000010
0.411511 0.000010 0.000010 0.000010 0.588439 0.000010 0.000010
0.378211 0.000010 0.000010 0.000010 0.621739 0.000010 0.000010
0.389777 0.000010 0.000010 0.000010 0.610173 0.000010 0.000010
0.390748 0.000010 0.000010 0.000010 0.609202 0.000010 0.000010
0.359136 0.000010 0.000010 0.000010 0.640814 0.000010 0.000010
0.390584 0.000010 0.000010 0.000010 0.609356 0.000019 0.000010
0.410734 0.000010 0.000010 0.000010 0.589216 0.000010 0.000010
0.330591 0.000010 0.000010 0.000010 0.669359 0.000010 0.000010
0.012838 0.760276 0.141435 0.046558 0.000010 0.000010 0.038873
0.003835 0.621832 0.186391 0.093219 0.000010 0.005651 0.089061
0.003379 0.788326 0.114216 0.038746 0.000010 0.015418 0.039905
0.399940 0.000010 0.000010 0.000010 0.600010 0.000010 0.000010
0.410395 0.000010 0.000010 0.000010 0.589555 0.000010 0.000010
0.519994 0.000010 0.000010 0.000010 0.479956 0.000010 0.000010
0.463568 0.000010 0.000010 0.000010 0.536382 0.000010 0.000010
0.447164 0.000010 0.000018 0.000010 0.552778 0.000010 0.000010
0.429820 0.000010 0.000010 0.000010 0.570130 0.000010 0.000010
0.439311 0.000011 0.000010 0.000010 0.560637 0.000010 0.000010
0.418840 0.000010 0.000019 0.000010 0.581101 0.000010 0.000010
0.294664 0.000010 0.000010 0.000010 0.705286 0.000010 0.000010
0.427386 0.000010 0.000010 0.000010 0.572564 0.000010 0.000010
0.393470 0.000010 0.000010 0.000010 0.606480 0.000010 0.000010
0.334213 0.000010 0.000010 0.000010 0.663288 0.002459 0.000010
0.621079 0.010393 0.006854 0.000010 0.361644 0.000010 0.000010
0.451327 0.000010 0.000010 0.000010 0.548623 0.000010 0.000010
0.442878 0.000010 0.000010 0.000010 0.557072 0.000010 0.000010
0.456770 0.000012 0.000010 0.000010 0.543178 0.000010 0.000010
0.437378 0.000010 0.000010 0.000010 0.547825 0.014756 0.000010
0.509302 0.000010 0.000010 0.000010 0.472105 0.018553 0.000010
0.412198 0.000010 0.000010 0.000010 0.587752 0.000010 0.000010
0.389498 0.000016 0.000010 0.000010 0.610446 0.000010 0.000010
0.455643 0.000016 0.000010 0.000010 0.544300 0.000010 0.000010
0.451849 0.000010 0.000011 0.000010 0.548098 0.000011 0.000010
0.417533 0.000010 0.000010 0.000010 0.582417 0.000010 0.000010
0.404541 0.000010 0.000010 0.000010 0.595409 0.000010 0.000010
0.396711 0.000010 0.000010 0.000010 0.603239 0.000010 0.000010
0.385426 0.000010 0.000010 0.000010 0.614524 0.000010 0.000010
0.430669 0.000010 0.000010 0.000010 0.547587 0.019334 0.002379
0.431967 0.000010 0.000010 0.000010 0.550288 0.017705 0.000010
0.367847 0.000010 0.000016 0.000010 0.632096 0.000011 0.000010
0.453935 0.000016 0.000010 0.000010 0.546009 0.000010 0.000010
0.405911 0.000010 0.000010 0.000010 0.594039 0.000010 0.000010
0.425107 0.000010 0.000010 0.000010 0.574843 0.000010 0.000010
0.444000 0.000010 0.000010 0.000010 0.542831 0.013129 0.000010
0.430899 0.000010 0.000010 0.000010 0.553302 0.015759 0.000010
0.467580 0.000010 0.000010 0.000010 0.532370 0.000010 0.000010
0.003920 0.698272 0.134177 0.070152 0.003726 0.000010 0.089743
0.003791 0.670012 0.152489 0.077172 0.000010 0.000010 0.096516
0.002846 0.795882 0.108109 0.035681 0.006448 0.010209 0.040826
0.019186 0.753042 0.148833 0.057801 0.000010 0.000010 0.021117
0.242006 0.000010 0.000010 0.000010 0.757944 0.000010 0.000010
0.268319 0.000010 0.000010 0.000010 0.731631 0.000010 0.000010
0.259827 0.000010 0.000010 0.000010 0.740123 0.000010 0.000010
0.311442 0.000010 0.000010 0.000010 0.688508 0.000010 0.000010
0.252385 0.000010 0.000010 0.000010 0.747565 0.000010 0.000010
0.310738 0.000010 0.000010 0.000010 0.689212 0.000010 0.000010
0.294237 0.000010 0.000010 0.000010 0.705713 0.000010 0.000010
0.254125 0.000010 0.000010 0.000010 0.745817 0.000018 0.000010
0.290779 0.000010 0.000010 0.000010 0.709171 0.000010 0.000010
0.283827 0.000010 0.000010 0.000010 0.716123 0.000010 0.000010
0.337813 0.000010 0.000010 0.000010 0.647767 0.014379 0.000010
0.322476 0.000010 0.000010 0.000010 0.657821 0.019663 0.000010
0.300309 0.000010 0.000010 0.000010 0.699641 0.000010 0.000010
0.286415 0.000010 0.000010 0.000010 0.713535 0.000010 0.000010
0.283892 0.000010 0.000010 0.000010 0.716058 0.000010 0.000010
0.243589 0.000010 0.000010 0.000010 0.756361 0.000010 0.000010
0.264369 0.000010 0.000011 0.000010 0.735580 0.000010 0.000010
0.298498 0.000010 0.000010 0.000010 0.701452 0.000010 0.000010
0.265790 0.000010 0.000010 0.000012 0.734158 0.000010 0.000010
0.314472 0.000010 0.000010 0.000010 0.685478 0.000010 0.000010
0.306100 0.000010 0.000010 0.000010 0.693850 0.000010 0.000010
0.284789 0.000010 0.000010 0.000010 0.715161 0.000010 0.000010
0.293519 0.000010 0.000010 0.000010 0.706431 0.000010 0.000010
0.265398 0.000010 0.000010 0.000013 0.734549 0.000010 0.000010
0.292603 0.000010 0.000010 0.000010 0.707347 0.000010 0.000010
0.321179 0.000010 0.000010 0.000010 0.678771 0.000010 0.000010
0.303329 0.000010 0.000010 0.000010 0.674773 0.021857 0.000010
0.317313 0.000010 0.000010 0.000010 0.662397 0.020250 0.000010
0.010090 0.880082 0.072020 0.016787 0.000010 0.002241 0.018770
0.010179 0.801421 0.117023 0.023552 0.000010 0.005978 0.041837
0.000010 0.695642 0.193093 0.064693 0.009040 0.000010 0.037514
0.008645 0.824032 0.103453 0.048796 0.000635 0.000010 0.014430
0.005241 0.815571 0.097905 0.052817 0.000016 0.000010 0.028439
0.001424 0.878622 0.064916 0.031880 0.000010 0.000507 0.022641
0.002483 0.726052 0.148063 0.078883 0.003137 0.000010 0.041372
0.000010 0.842583 0.057993 0.000010 0.000010 0.039923 0.059470
0.000012 0.642509 0.230136 0.000010 0.000010 0.031434 0.095890
0.020261 0.000010 0.000010 0.000010 0.976543 0.003156 0.000010
0.000010 0.000010 0.000010 0.000010 0.999940 0.000010 0.000010
0.000010 0.000010 0.000010 0.000010 0.999940 0.000010 0.000010
0.000010 0.000010 0.000010 0.000010 0.999940 0.000010 0.000010
0.036126 0.000010 0.000010 0.000010 0.963824 0.000010 0.000010
0.027254 0.000010 0.000010 0.000010 0.972696 0.000010 0.000010
0.002818 0.000010 0.000010 0.000010 0.997132 0.000010 0.000010
0.000010 0.000010 0.000010 0.000010 0.999940 0.000010 0.000010
0.055674 0.000010 0.001024 0.000010 0.939240 0.004031 0.000010
0.073987 0.000010 0.000010 0.000010 0.923272 0.002701 0.000010
0.001981 0.000010 0.000010 0.000010 0.997969 0.000010 0.000010
0.009457 0.000010 0.000010 0.000010 0.990493 0.000010 0.000010
0.008165 0.000010 0.000010 0.000010 0.991785 0.000010 0.000010
0.000010 0.000010 0.000010 0.000010 0.999940 0.000010 0.000010
0.000010 0.000010 0.000010 0.000010 0.999940 0.000010 0.000010
0.002404 0.812031 0.090539 0.058905 0.005280 0.000010 0.030831
0.003687 0.735073 0.142753 0.067295 0.001641 0.000010 0.049541
0.006549 0.636692 0.128926 0.150270 0.000161 0.000010 0.077392
0.000010 0.590699 0.183006 0.119993 0.015833 0.000010 0.090449
0.000010 0.589762 0.173332 0.144353 0.021672 0.000010 0.070861
0.010686 0.768382 0.154592 0.050283 0.000010 0.000010 0.016037
0.010109 0.761433 0.100827 0.065249 0.000010 0.000010 0.062362
0.000010 0.686450 0.156045 0.002999 0.000010 0.032888 0.121598
0.000010 0.784100 0.111062 0.063678 0.015780 0.000010 0.025360
0.002555 0.788265 0.128252 0.042284 0.011562 0.000010 0.027072
0.000010 0.493393 0.119038 0.126877 0.000010 0.032295 0.228377
0.000010 0.674179 0.122736 0.034827 0.000010 0.027207 0.141031
0.017307 0.792974 0.120473 0.048909 0.000010 0.000010 0.020318
0.000010 0.768682 0.141128 0.048395 0.011498 0.000010 0.030277
0.000010 0.749523 0.152776 0.053248 0.011410 0.000010 0.033023
0.000010 0.792204 0.141094 0.038331 0.012389 0.000010 0.015962
0.000010 0.769049 0.141996 0.047467 0.004399 0.000010 0.037069
0.000010 0.754604 0.145611 0.069255 0.019437 0.000010 0.011073
0.005841 0.845923 0.046206 0.062727 0.000010 0.000010 0.039283
0.000010 0.585368 0.182188 0.048549 0.000010 0.039591 0.144285
0.018758 0.692220 0.125329 0.113002 0.000010 0.000010 0.050670
0.005169 0.702817 0.202240 0.082643 0.000010 0.000010 0.007112
0.000010 0.635576 0.147238 0.119499 0.018436 0.000010 0.079232
0.000010 0.729848 0.160514 0.065691 0.009287 0.000010 0.034640
0.000010 0.742207 0.113704 0.049315 0.019221 0.000010 0.075532
0.000010 0.670532 0.175465 0.092433 0.017157 0.000010 0.044393
0.000010 0.653899 0.112704 0.046634 0.000010 0.047127 0.139616
0.000010 0.666459 0.140833 0.025210 0.000010 0.044622 0.122855
0.000010 0.588913 0.126898 0.043317 0.000010 0.032841 0.208011
0.007693 0.733257 0.121123 0.068162 0.005968 0.000010 0.063787
0.006643 0.752672 0.128178 0.074850 0.000010 0.000010 0.037638
0.000010 0.748627 0.154599 0.053026 0.000010 0.000010 0.043718
0.001099 0.748361 0.148015 0.060552 0.000010 0.000010 0.041953
0.000017 0.675869 0.170682 0.102209 0.007140 0.000010 0.044073
0.006775 0.692274 0.128099 0.103557 0.000010 0.000010 0.069275
0.000010 0.773284 0.110282 0.040922 0.026767 0.000010 0.048725
0.000010 0.826862 0.079322 0.027030 0.013494 0.000010 0.053271
0.000010 0.652817 0.110385 0.154119 0.018403 0.000010 0.064256
0.000010 0.292224 0.063970 0.317149 0.007003 0.000010 0.319634
0.014415 0.721819 0.134450 0.074160 0.000010 0.000010 0.055136
0.005960 0.732398 0.141621 0.064577 0.000010 0.000010 0.055425
0.000010 0.895651 0.076622 0.020636 0.000010 0.002789 0.004282
0.014709 0.687448 0.283415 0.014399 0.000010 0.000010 0.000010
0.000010 0.809165 0.125063 0.000010 0.000010 0.035905 0.029837
0.000010 0.598246 0.297733 0.000010 0.000010 0.050080 0.053911
0.000010 0.657972 0.224918 0.000010 0.000010 0.042514 0.074566
0.000010 0.554218 0.287106 0.062204 0.005859 0.000010 0.090593
0.000010 0.624906 0.253078 0.051853 0.019173 0.002860 0.048119
0.000010 0.647474 0.248152 0.000010 0.000010 0.038753 0.065591
0.000010 0.647321 0.257737 0.000010 0.001922 0.028277 0.064722
0.000010 0.805950 0.159655 0.027206 0.004697 0.001000 0.001481
0.000010 0.648416 0.222577 0.049369 0.005238 0.001873 0.072517
0.000010 0.631082 0.264609 0.041403 0.008964 0.000010 0.053922
0.000010 0.606957 0.351147 0.029190 0.007845 0.004840 0.000010
0.000010 0.520571 0.295314 0.076198 0.000688 0.000630 0.106588
0.000010 0.666099 0.279170 0.022808 0.005274 0.006308 0.020332
0.000010 0.413621 0.362480 0.018330 0.009251 0.022879 0.173430
0.000010 0.678921 0.264273 0.044982 0.000010 0.000010 0.011794
0.022952 0.444868 0.428283 0.059138 0.000010 0.000010 0.044739
0.000010 0.621571 0.163137 0.029731 0.000010 0.025915 0.159626
0.000010 0.685588 0.165167 0.000010 0.000010 0.046152 0.103063
0.000010 0.744994 0.122234 0.000010 0.000010 0.024602 0.108140
0.004499 0.625143 0.137241 0.120734 0.003376 0.000010 0.108998
0.014266 0.878811 0.052209 0.021676 0.000010 0.023363 0.009665
0.000010 0.710237 0.153870 0.089515 0.014215 0.000010 0.032144
0.000010 0.660264 0.133265 0.135615 0.016517 0.000010 0.054319
0.000010 0.862907 0.049837 0.050946 0.016881 0.000010 0.019409
0.000010 0.803378 0.111691 0.050443 0.018238 0.000010 0.016230
0.002839 0.742689 0.154291 0.069049 0.000010 0.000010 0.031112
0.012170 0.722013 0.184021 0.056060 0.000252 0.000010 0.025474
0.006333 0.706232 0.152951 0.075502 0.000010 0.000010 0.058962
0.002935 0.715083 0.165158 0.077189 0.000010 0.000010 0.039615
0.011835 0.569485 0.233332 0.123430 0.000013 0.000010 0.061895
0.018060 0.553911 0.209155 0.133578 0.000010 0.000010 0.085275
0.019524 0.607679 0.212336 0.094964 0.000010 0.000010 0.065477
0.005046 0.705338 0.193119 0.057523 0.000010 0.000010 0.038953
0.000010 0.783738 0.139397 0.041464 0.008491 0.000010 0.026890
0.009032 0.662024 0.140962 0.081475 0.000010 0.000010 0.106487
0.000010 0.815219 0.092015 0.000010 0.000010 0.043372 0.049365
0.001297 0.742157 0.135530 0.061274 0.013287 0.000010 0.046446
0.006769 0.762079 0.111060 0.048198 0.000010 0.000010 0.071874
0.003528 0.252160 0.068286 0.429460 0.000010 0.000010 0.246547
0.006122 0.437258 0.050033 0.335958 0.000010 0.000010 0.170609
0.012699 0.622334 0.163434 0.125477 0.000010 0.000010 0.076036
0.000010 0.754677 0.110227 0.067244 0.003437 0.014823 0.049583
0.011933 0.593698 0.312266 0.054946 0.000010 0.005654 0.021494
0.007269 0.698022 0.266550 0.015535 0.000010 0.000010 0.012604
0.006041 0.716918 0.225039 0.042775 0.000010 0.000010 0.009208
0.009120 0.511283 0.294890 0.100482 0.000010 0.010451 0.073765
0.002879 0.807896 0.171885 0.017309 0.000010 0.000010 0.000010
0.000497 0.680874 0.296094 0.000010 0.000010 0.000010 0.022505
0.004389 0.831233 0.130713 0.021995 0.000010 0.000010 0.011650
0.012261 0.546593 0.309038 0.080708 0.000010 0.000010 0.051380
0.000010 0.633292 0.262623 0.000010 0.000010 0.025000 0.079056
0.000010 0.655082 0.262158 0.047179 0.000010 0.005646 0.029915
0.005553 0.487454 0.310080 0.129718 0.000010 0.010695 0.056491
0.000010 0.933187 0.050618 0.016155 0.000010 0.000010 0.000010
0.006705 0.611437 0.351224 0.009680 0.000010 0.011671 0.009273
0.000010 0.679600 0.278473 0.000010 0.000010 0.015235 0.026662
0.000010 0.674676 0.256492 0.000010 0.002348 0.034402 0.032062
0.000010 0.677903 0.215932 0.000010 0.000010 0.033468 0.072667
0.000010 0.591496 0.141930 0.039016 0.000010 0.023743 0.203795
0.000010 0.656899 0.187641 0.000010 0.000010 0.035078 0.120352
0.001979 0.644382 0.182638 0.000010 0.000010 0.048703 0.122278
0.000010 0.638723 0.185968 0.027806 0.000010 0.019098 0.128386
0.000010 0.598144 0.152349 0.042357 0.000010 0.015737 0.191392
0.000010 0.771044 0.085541 0.000010 0.000010 0.046993 0.096392
0.000013 0.704523 0.128734 0.000010 0.000010 0.027762 0.138948
0.000010 0.693011 0.152640 0.000010 0.000010 0.037996 0.116322
0.000010 0.732462 0.091675 0.000010 0.000010 0.033169 0.142665
0.000010 0.682061 0.182761 0.000010 0.000010 0.020916 0.114232
0.000010 0.996534 0.003416 0.000010 0.000010 0.000010 0.000010
0.023217 0.381877 0.587817 0.007059 0.000010 0.000010 0.000010
0.005488 0.420843 0.217844 0.201770 0.007004 0.000010 0.147041
0.000010 0.543706 0.416330 0.013867 0.000010 0.008773 0.017304
0.003687 0.696707 0.227560 0.030268 0.000010 0.014752 0.027014
0.011446 0.559438 0.382873 0.029098 0.000010 0.000588 0.016547
0.000010 0.526682 0.380947 0.050411 0.014686 0.000010 0.027254
0.000010 0.688946 0.279092 0.015651 0.016281 0.000010 0.000010
0.000010 0.763046 0.186413 0.031234 0.019277 0.000010 0.000010
0.000010 0.819186 0.154861 0.016194 0.009729 0.000010 0.000010
0.001281 0.617782 0.312438 0.040461 0.000010 0.007127 0.020900
0.012731 0.682233 0.288565 0.016441 0.000010 0.000010 0.000010
0.015367 0.686070 0.250692 0.043729 0.000010 0.000010 0.004122
0.003742 0.674238 0.237236 0.033854 0.000010 0.015558 0.035362
0.000010 0.592361 0.232230 0.000010 0.000010 0.045175 0.130204
0.000010 0.476341 0.313880 0.020046 0.002692 0.028412 0.158619
0.000010 0.571850 0.268499 0.093754 0.018645 0.000010 0.047233
0.000010 0.625607 0.247395 0.076500 0.020518 0.000010 0.029959
0.000010 0.334046 0.509960 0.000010 0.004687 0.024619 0.126668
0.000010 0.606561 0.314406 0.000010 0.000010 0.033962 0.045041
0.000010 0.715495 0.259646 0.019652 0.005176 0.000010 0.000010
0.000010 0.543228 0.302421 0.088866 0.019312 0.000010 0.046152
0.010837 0.586057 0.301406 0.056958 0.000010 0.000010 0.044722
0.014505 0.564942 0.376185 0.044338 0.000010 0.000010 0.000010
0.000010 0.723450 0.243259 0.033251 0.000010 0.000010 0.000010
0.011735 0.694643 0.227609 0.064658 0.000010 0.000010 0.001334
0.000010 0.794844 0.135548 0.044911 0.010426 0.000010 0.014252
0.000010 0.430500 0.275882 0.193085 0.018200 0.000010 0.082314
0.000010 0.616124 0.185977 0.000010 0.000629 0.024468 0.172782
0.000010 0.616759 0.132927 0.024081 0.009208 0.023554 0.193461
0.000010 0.755947 0.132311 0.000010 0.000010 0.030672 0.081039
0.000010 0.590845 0.198966 0.001883 0.000010 0.035092 0.173194
0.000010 0.644612 0.161860 0.016229 0.000010 0.022035 0.155244
0.000010 0.618259 0.174688 0.000010 0.002827 0.033203 0.171003
0.000010 0.622171 0.170233 0.023372 0.000725 0.032426 0.151063
0.000010 0.737221 0.103832 0.000010 0.000010 0.049893 0.109024
0.000010 0.656262 0.210724 0.000010 0.000010 0.033720 0.099264
0.000010 0.624907 0.193448 0.000010 0.002034 0.028317 0.151274
0.000010 0.653068 0.161590 0.000010 0.003615 0.038660 0.143046
0.000010 0.573306 0.278081 0.000010 0.000010 0.034192 0.114392
0.000010 0.674634 0.241395 0.000010 0.000010 0.050734 0.033207
0.000010 0.404205 0.514202 0.000010 0.007218 0.028194 0.046162
0.012330 0.860315 0.112462 0.014859 0.000014 0.000010 0.000010
0.000010 0.926026 0.052630 0.020357 0.000868 0.000099 0.000010
0.004289 0.593964 0.229832 0.123594 0.000010 0.000010 0.048301
0.019098 0.560705 0.395914 0.024249 0.000011 0.000013 0.000010
0.000010 0.345577 0.575307 0.000010 0.000010 0.026979 0.052107
0.000012 0.575268 0.289870 0.000010 0.000010 0.030095 0.104735
0.000010 0.637556 0.241851 0.000010 0.008535 0.039366 0.072671
0.007162 0.547804 0.406448 0.020905 0.000010 0.000010 0.017661
0.015146 0.539065 0.393256 0.042796 0.000010 0.000010 0.009717
0.000010 0.525584 0.414548 0.000010 0.000010 0.023012 0.036826
0.013899 0.434110 0.372848 0.122983 0.000010 0.000010 0.056140
0.025883 0.379666 0.304717 0.183448 0.000010 0.000010 0.106266
0.009611 0.471234 0.322160 0.081284 0.000010 0.000010 0.115690
0.003889 0.788892 0.188465 0.018723 0.000010 0.000010 0.000010
0.000010 0.756789 0.179758 0.000010 0.000010 0.037729 0.025695
0.000010 0.788433 0.157447 0.000010 0.000010 0.033663 0.020427
0.000010 0.807532 0.126535 0.000010 0.000010 0.031923 0.033980
0.000010 0.347235 0.259999 0.076279 0.002310 0.032858 0.281308
0.000010 0.558369 0.358823 0.000010 0.000010 0.040161 0.042617
0.004886 0.698138 0.143139 0.086087 0.000010 0.000010 0.067730
0.004589 0.848773 0.119676 0.020836 0.006106 0.000010 0.000010
0.008140 0.819139 0.154903 0.017788 0.000010 0.000010 0.000010
0.003452 0.755453 0.208861 0.021737 0.000010 0.000010 0.010477
0.010550 0.474954 0.415317 0.077207 0.000010 0.000010 0.021951
0.017626 0.474658 0.381316 0.082182 0.000010 0.000010 0.044198
0.002528 0.569644 0.380101 0.040088 0.000010 0.000010 0.007618
0.000010 0.595552 0.349140 0.040999 0.000010 0.006947 0.007341
0.000010 0.956942 0.000010 0.021624 0.000010 0.017037 0.004367
0.000010 0.961592 0.000010 0.002277 0.000010 0.010850 0.025251
0.000074 0.983509 0.000010 0.000010 0.000010 0.003751 0.012637
0.003379 0.976509 0.000010 0.009382 0.000010 0.001859 0.008851
0.000010 0.977200 0.000010 0.009655 0.000010 0.000010 0.013105
0.000010 0.979762 0.000695 0.019503 0.000010 0.000010 0.000010
0.000010 0.974737 0.000010 0.000010 0.000010 0.000010 0.025213
0.000010 0.982578 0.000010 0.000010 0.000010 0.000010 0.017372
0.000010 0.987669 0.000010 0.000010 0.001157 0.000010 0.011134
0.000010 0.988800 0.000010 0.011150 0.000010 0.000010 0.000010
0.000010 0.999940 0.000010 0.000010 0.000010 0.000010 0.000010
0.000010 0.999940 0.000010 0.000010 0.000010 0.000010 0.000010
0.000010 0.999940 0.000010 0.000010 0.000010 0.000010 0.000010
0.000010 0.999940 0.000010 0.000010 0.000010 0.000010 0.000010
0.000010 0.999940 0.000010 0.000010 0.000010 0.000010 0.000010
0.000015 0.999935 0.000010 0.000010 0.000010 0.000010 0.000010
0.000010 0.981354 0.000010 0.008233 0.001674 0.000010 0.008709
0.000010 0.975521 0.000010 0.022600 0.001667 0.000182 0.000010
0.000010 0.963603 0.000010 0.014435 0.000805 0.001531 0.019605
0.000010 0.973737 0.000010 0.004673 0.000010 0.000010 0.021550
0.004745 0.966171 0.000010 0.011554 0.000010 0.003571 0.013939
0.000010 0.976556 0.000010 0.000032 0.000010 0.000010 0.023372
0.000010 0.985732 0.000010 0.004662 0.000010 0.000010 0.009565
0.000010 0.985834 0.000010 0.006225 0.003927 0.000010 0.003984
0.002002 0.695743 0.228558 0.040705 0.000010 0.005195 0.027788
0.005720 0.369287 0.234571 0.218190 0.000010 0.002896 0.169326
0.000010 0.398209 0.327919 0.055882 0.004506 0.038442 0.175032
0.007149 0.273650 0.719161 0.000010 0.000010 0.000010 0.000010
0.006898 0.491716 0.482266 0.000010 0.000010 0.006697 0.012403
0.000550 0.312220 0.687190 0.000010 0.000010 0.000010 0.000010
0.000010 0.000010 0.999940 0.000010 0.000010 0.000010 0.000010
0.000010 0.489583 0.438811 0.023047 0.007586 0.000010 0.040953
0.000010 0.356611 0.625211 0.008521 0.009627 0.000010 0.000010
0.000010 0.242568 0.008185 0.000010 0.000010 0.749208 0.000010
0.002177 0.258045 0.008875 0.000010 0.000010 0.730873 0.000010
0.000010 0.258634 0.011899 0.000010 0.000010 0.729428 0.000010
0.000010 0.304946 0.000010 0.000010 0.000010 0.695004 0.000010
0.141638 0.000010 0.000010 0.000010 0.848413 0.009909 0.000010
0.105338 0.000010 0.000086 0.000010 0.851692 0.042854 0.000010
0.117340 0.000010 0.000010 0.000010 0.861505 0.021115 0.000010
0.123646 0.000010 0.000010 0.000010 0.852082 0.024233 0.000010
0.093763 0.000010 0.000010 0.000010 0.885339 0.020858 0.000010
0.105607 0.000010 0.000010 0.000010 0.894343 0.000010 0.000010
0.000010 0.966492 0.000010 0.024742 0.000866 0.007870 0.000010
0.000010 0.977512 0.000010 0.021705 0.000010 0.000743 0.000010
0.000010 0.983025 0.000102 0.013389 0.000010 0.003455 0.000010
0.000010 0.984915 0.000010 0.015035 0.000010 0.000010 0.000010
0.000010 0.974697 0.001300 0.003703 0.000010 0.009928 0.010353
0.000010 0.975724 0.000010 0.001610 0.000010 0.006663 0.015974
0.000010 0.978658 0.000010 0.014403 0.000010 0.000010 0.006898
0.000010 0.973338 0.000010 0.013510 0.000010 0.000010 0.013112
0.000010 0.980499 0.000010 0.010219 0.000010 0.009241 0.000010
0.000010 0.979513 0.000010 0.014183 0.000010 0.006264 0.000010
0.001015 0.967622 0.000010 0.008276 0.000010 0.012528 0.010539
0.000011 0.963011 0.019370 0.010455 0.000010 0.002448 0.004694
0.000010 0.967699 0.000010 0.005080 0.000010 0.014820 0.012371
0.000010 0.966421 0.000878 0.012933 0.000010 0.007360 0.012388
0.000818 0.969418 0.001902 0.006025 0.000010 0.004138 0.017690
0.001666 0.961790 0.000010 0.006957 0.000010 0.011361 0.018206
0.003898 0.979026 0.001379 0.008512 0.000010 0.000010 0.007166
0.003259 0.958481 0.000010 0.015415 0.000010 0.013707 0.009119
0.000010 0.919522 0.000010 0.035380 0.000010 0.016704 0.028365
0.000010 0.934025 0.000010 0.018990 0.000010 0.017723 0.029233
0.000010 0.989814 0.000010 0.000010 0.000010 0.004754 0.005391
0.000010 0.982479 0.000010 0.011093 0.000783 0.000010 0.005616
0.000010 0.952137 0.000010 0.015410 0.000010 0.016485 0.015938
0.000015 0.939151 0.000010 0.036236 0.001005 0.009217 0.014367
0.000010 0.972386 0.000010 0.006362 0.000010 0.012690 0.008531
0.000010 0.980471 0.002144 0.000010 0.000010 0.007363 0.009992
0.000010 0.990218 0.000010 0.009632 0.000110 0.000010 0.000010
0.000010 0.988976 0.000010 0.008459 0.002525 0.000010 0.000010
0.000010 0.990471 0.000010 0.008167 0.001321 0.000010 0.000010
0.000010 0.985896 0.000010 0.011881 0.002183 0.000010 0.000010
0.000010 0.981097 0.000010 0.015710 0.003153 0.000010 0.000010
0.000010 0.982870 0.000010 0.001719 0.003392 0.000010 0.011989
0.000010 0.991885 0.000010 0.005205 0.000010 0.000010 0.002870
0.000010 0.989604 0.000010 0.006860 0.003496 0.000010 0.000010
0.000010 0.968369 0.000010 0.017156 0.006279 0.000010 0.008166
0.000010 0.975856 0.000010 0.017940 0.006163 0.000010 0.000010
0.000010 0.945538 0.000010 0.028195 0.006862 0.000010 0.019375
0.000010 0.937671 0.000010 0.031233 0.010988 0.000010 0.020078
0.000010 0.952888 0.000918 0.004682 0.000010 0.017369 0.024123
0.000010 0.959365 0.000010 0.003006 0.000010 0.012905 0.024694
0.000010 0.999940 0.000010 0.000010 0.000010 0.000010 0.000010
0.000010 0.999940 0.000010 0.000010 0.000010 0.000010 0.000010
0.000010 0.959731 0.000010 0.006227 0.000010 0.009281 0.024731
0.000010 0.969095 0.000010 0.000010 0.000695 0.006081 0.024099
0.000010 0.974648 0.000010 0.002385 0.000515 0.006432 0.016001
0.000010 0.961634 0.000010 0.001588 0.000010 0.016261 0.020487
0.000010 0.965878 0.000010 0.000010 0.001709 0.004454 0.027929
0.000010 0.968680 0.000010 0.006534 0.000010 0.008490 0.016266
0.000010 0.986735 0.000010 0.003861 0.001221 0.000010 0.008153
0.000010 0.986802 0.000010 0.002714 0.000010 0.000010 0.010445
0.004411 0.961751 0.000171 0.005572 0.000518 0.009185 0.018392
0.000010 0.954103 0.000010 0.006971 0.000010 0.015481 0.023415
0.000010 0.973922 0.000010 0.001798 0.000010 0.011275 0.012975
0.000010 0.968026 0.000010 0.005093 0.000010 0.019166 0.007684
0.000010 0.944973 0.000010 0.000010 0.000010 0.033919 0.021068
0.000010 0.931254 0.000010 0.000010 0.000010 0.040081 0.028625
0.000010 0.938471 0.000010 0.000010 0.000010 0.036623 0.024866
0.000010 0.932048 0.000010 0.000010 0.000010 0.040168 0.027745
0.000010 0.978672 0.000010 0.015240 0.000010 0.002284 0.003774
0.000010 0.990457 0.000010 0.000010 0.000010 0.000010 0.009493
0.001360 0.980748 0.000010 0.000485 0.000010 0.009879 0.007507
0.000010 0.989489 0.001391 0.000033 0.000010 0.000010 0.009057
0.003980 0.983733 0.000010 0.002839 0.000010 0.005957 0.003470
0.000010 0.984331 0.000010 0.000010 0.000010 0.007906 0.007723
0.000010 0.988384 0.000010 0.000010 0.000010 0.003454 0.008122
0.000010 0.981305 0.000010 0.001421 0.000010 0.007465 0.009778
0.000010 0.968733 0.000010 0.012278 0.000010 0.007864 0.011095
0.000010 0.973716 0.000010 0.004643 0.000010 0.005814 0.015797
0.000010 0.952618 0.000010 0.000010 0.000010 0.041497 0.005845
0.000010 0.946684 0.000010 0.000010 0.000010 0.045846 0.007429
0.000010 0.999940 0.000010 0.000010 0.000010 0.000010 0.000010
0.000010 0.990979 0.003409 0.000010 0.000010 0.005572 0.000010
0.000010 0.987058 0.004418 0.000010 0.000530 0.007964 0.000010
0.000010 0.000010 0.000010 0.000010 0.999940 0.000010 0.000010
0.024160 0.000010 0.000010 0.000010 0.975790 0.000010 0.000010
0.000010 0.000010 0.000010 0.000010 0.999940 0.000010 0.000010
0.000010 0.000010 0.000010 0.000010 0.999940 0.000010 0.000010
0.331669 0.000010 0.002922 0.000010 0.665369 0.000010 0.000010
0.000010 0.000010 0.000010 0.000010 0.999940 0.000010 0.000010
0.006008 0.000010 0.000010 0.000010 0.993942 0.000010 0.000010
0.000010 0.000010 0.000010 0.000010 0.999934 0.000016 0.000010
0.049437 0.000010 0.000010 0.000010 0.950513 0.000010 0.000010
0.007719 0.000010 0.000010 0.000010 0.992231 0.000010 0.000010
0.000010 0.000010 0.000010 0.000010 0.999940 0.000010 0.000010
0.000010 0.000010 0.000010 0.000010 0.999940 0.000010 0.000010
0.000010 0.000010 0.000010 0.000010 0.999940 0.000010 0.000010
0.020164 0.000010 0.000010 0.000010 0.979786 0.000010 0.000010
0.000010 0.000010 0.000010 0.000010 0.999940 0.000010 0.000010
0.008314 0.000010 0.000010 0.000010 0.991636 0.000010 0.000010
0.000010 0.000010 0.000010 0.000010 0.999940 0.000010 0.000010
