0.999954 0.000016 0.000010 0.000010 0.000010
0.988430 0.004127 0.007423 0.000010 0.000010
0.994590 0.005380 0.000010 0.000010 0.000010
0.999960 0.000010 0.000010 0.000010 0.000010
0.991155 0.007897 0.000928 0.000010 0.000010
0.992281 0.004444 0.003255 0.000010 0.000010
0.994244 0.005726 0.000010 0.000010 0.000010
0.993291 0.006679 0.000010 0.000010 0.000010
0.988201 0.000010 0.011769 0.000010 0.000010
0.993025 0.006397 0.000558 0.000010 0.000010
0.999960 0.000010 0.000010 0.000010 0.000010
0.999960 0.000010 0.000010 0.000010 0.000010
0.997895 0.002075 0.000010 0.000010 0.000010
0.991872 0.006275 0.001833 0.000010 0.000010
0.993504 0.001713 0.004177 0.000010 0.000596
0.994769 0.004122 0.000010 0.000010 0.001089
0.995860 0.004110 0.000010 0.000010 0.000010
0.989518 0.000010 0.010452 0.000010 0.000010
0.999960 0.000010 0.000010 0.000010 0.000010
0.996019 0.003951 0.000010 0.000010 0.000010
0.985294 0.003315 0.011371 0.000010 0.000010
0.996145 0.002067 0.000010 0.000010 0.001767
0.999960 0.000010 0.000010 0.000010 0.000010
0.997336 0.002634 0.000010 0.000010 0.000010
0.988942 0.003969 0.007069 0.000010 0.000010
0.999733 0.000237 0.000010 0.000010 0.000010
0.994806 0.005164 0.000010 0.000010 0.000010
0.992620 0.000010 0.007350 0.000010 0.000010
0.995704 0.004266 0.000010 0.000010 0.000010
0.999070 0.000288 0.000622 0.000010 0.000010
0.994763 0.002682 0.002536 0.000010 0.000010
0.991253 0.000010 0.008717 0.000010 0.000010
0.994900 0.000010 0.000010 0.000010 0.005070
0.991417 0.000010 0.008553 0.000010 0.000010
0.997938 0.000010 0.002032 0.000010 0.000010
0.994531 0.000403 0.000010 0.000010 0.005046
0.997222 0.000010 0.000010 0.000010 0.002748
0.999960 0.000010 0.000010 0.000010 0.000010
0.998882 0.001088 0.000010 0.000010 0.000010
0.997530 0.000010 0.000010 0.000010 0.002440
0.991154 0.005796 0.003030 0.000010 0.000010
0.996025 0.000010 0.003945 0.000010 0.000010
0.998205 0.000010 0.001765 0.000010 0.000010
0.999909 0.000010 0.000010 0.000010 0.000061
0.999921 0.000049 0.000010 0.000010 0.000010
0.993150 0.000010 0.006820 0.000010 0.000010
0.999960 0.000010 0.000010 0.000010 0.000010
0.992335 0.001732 0.005913 0.000010 0.000010
0.990916 0.000370 0.008693 0.000010 0.000010
0.999960 0.000010 0.000010 0.000010 0.000010
0.995034 0.004936 0.000010 0.000010 0.000010
0.999960 0.000010 0.000010 0.000010 0.000010
0.993692 0.006278 0.000010 0.000010 0.000010
0.999960 0.000010 0.000010 0.000010 0.000010
0.999230 0.000740 0.000010 0.000010 0.000010
0.913805 0.027508 0.000010 0.000010 0.058667
0.923797 0.030748 0.000010 0.000010 0.045434
0.946194 0.020174 0.000010 0.000010 0.033613
0.918581 0.019790 0.000010 0.000010 0.061609
0.902718 0.030625 0.000010 0.000010 0.066637
0.923907 0.016359 0.000010 0.000010 0.059714
0.915055 0.026033 0.000010 0.000010 0.058892
0.917192 0.019878 0.000010 0.000010 0.062909
0.929212 0.012311 0.013100 0.000589 0.044787
0.911143 0.032149 0.000010 0.000010 0.056688
0.925654 0.024769 0.000010 0.000010 0.049557
0.914703 0.022010 0.002606 0.000010 0.060672
0.921602 0.027104 0.000010 0.000010 0.051275
0.903943 0.028934 0.000010 0.000010 0.067103
0.930315 0.023655 0.000010 0.000010 0.046010
0.927328 0.018720 0.000010 0.000010 0.053931
0.933285 0.016744 0.006030 0.000010 0.043931
0.990751 0.005931 0.003298 0.000010 0.000010
0.999259 0.000711 0.000010 0.000010 0.000010
0.987185 0.002732 0.010064 0.000010 0.000010
0.993128 0.000020 0.006832 0.000010 0.000010
0.992326 0.000775 0.006880 0.000010 0.000010
0.999838 0.000010 0.000010 0.000010 0.000132
0.999960 0.000010 0.000010 0.000010 0.000010
0.993040 0.000017 0.006923 0.000010 0.000010
0.999473 0.000497 0.000010 0.000010 0.000010
0.994566 0.001580 0.003835 0.000010 0.000010
0.993997 0.005973 0.000010 0.000010 0.000010
0.997781 0.002189 0.000010 0.000010 0.000010
0.998976 0.000010 0.000994 0.000010 0.000010
0.999960 0.000010 0.000010 0.000010 0.000010
0.995251 0.000930 0.001992 0.000010 0.001817
0.997928 0.000184 0.000010 0.000010 0.001868
0.995421 0.003641 0.000918 0.000010 0.000010
0.999960 0.000010 0.000010 0.000010 0.000010
0.999960 0.000010 0.000010 0.000010 0.000010
0.994967 0.001937 0.000010 0.000010 0.003077
0.994563 0.005347 0.000070 0.000010 0.000010
0.998818 0.000010 0.000010 0.000010 0.001152
0.999960 0.000010 0.000010 0.000010 0.000010
0.999960 0.000010 0.000010 0.000010 0.000010
0.998728 0.000010 0.000010 0.000010 0.001242
0.999960 0.000010 0.000010 0.000010 0.000010
0.998674 0.000010 0.001296 0.000010 0.000010
0.999960 0.000010 0.000010 0.000010 0.000010
0.999960 0.000010 0.000010 0.000010 0.000010
0.991306 0.007115 0.001559 0.000010 0.000010
0.999955 0.000010 0.000015 0.000010 0.000010
0.928484 0.019218 0.000010 0.000010 0.052278
0.921581 0.018077 0.000010 0.000010 0.060322
0.939423 0.012473 0.000010 0.000010 0.048084
0.925362 0.023307 0.000010 0.000010 0.051310
0.907234 0.020119 0.000010 0.000010 0.072627
0.899984 0.021740 0.000010 0.000010 0.078256
0.931963 0.018618 0.000010 0.000010 0.049399
0.931752 0.016592 0.000010 0.000010 0.051635
0.936518 0.014079 0.000010 0.000010 0.049383
0.922649 0.019899 0.000010 0.000010 0.057432
0.947932 0.015073 0.000010 0.000010 0.036976
0.921719 0.026639 0.000010 0.000010 0.051622
0.926355 0.015229 0.000010 0.000010 0.058396
0.923257 0.022083 0.000010 0.000010 0.054640
0.922713 0.014339 0.000010 0.000010 0.062927
0.926102 0.019242 0.000010 0.000010 0.054636
0.916858 0.020643 0.000010 0.000010 0.062479
0.882560 0.028611 0.062032 0.000010 0.026787
0.870805 0.027073 0.064665 0.000010 0.037447
0.884439 0.030524 0.058699 0.000010 0.026328
0.947633 0.017626 0.000010 0.000010 0.034721
0.916584 0.021391 0.000010 0.000010 0.062005
0.921251 0.020349 0.000010 0.000010 0.058380
0.937337 0.014771 0.000010 0.000010 0.047873
0.957712 0.011303 0.000010 0.000010 0.030965
0.916574 0.019846 0.000010 0.000010 0.063560
0.919763 0.027507 0.000010 0.000010 0.052710
0.942657 0.017927 0.000010 0.000010 0.039396
0.926204 0.016246 0.000010 0.000010 0.057530
0.927811 0.019267 0.000010 0.000010 0.052902
0.917609 0.020592 0.000010 0.000010 0.061779
0.912031 0.013534 0.000010 0.000010 0.074415
0.914855 0.030307 0.000010 0.000010 0.054818
0.903282 0.024447 0.000010 0.000010 0.072251
0.930228 0.014671 0.000010 0.000010 0.055082
0.925613 0.018769 0.000010 0.000010 0.055598
0.929122 0.019210 0.000010 0.000010 0.051648
0.936566 0.014060 0.000010 0.000010 0.049354
0.930582 0.017415 0.000010 0.000010 0.051983
0.926768 0.016451 0.000010 0.000010 0.056761
0.927332 0.019740 0.000010 0.000010 0.052909
0.943794 0.013810 0.000010 0.000010 0.042377
0.931554 0.015754 0.000010 0.000010 0.052672
0.918506 0.015848 0.000010 0.000010 0.065625
0.939177 0.017529 0.000010 0.000010 0.043274
0.930423 0.011789 0.000010 0.000010 0.057768
0.925443 0.011177 0.000010 0.000010 0.063360
0.925748 0.013687 0.006725 0.004934 0.048906
0.921859 0.017445 0.000010 0.000010 0.060675
0.925785 0.019705 0.000010 0.000010 0.054490
0.967489 0.008502 0.000010 0.000010 0.023988
0.921214 0.017318 0.000010 0.000010 0.061448
0.934292 0.013547 0.000010 0.000010 0.052141
0.921956 0.020727 0.004141 0.000010 0.053166
0.962191 0.016943 0.000010 0.000010 0.020847
0.928624 0.022265 0.000010 0.000010 0.049091
0.920613 0.016370 0.000010 0.000010 0.062997
0.940452 0.022926 0.000010 0.000010 0.036602
0.926038 0.026961 0.000010 0.000010 0.046982
0.941727 0.015220 0.000010 0.000010 0.043032
0.904281 0.041470 0.000010 0.000010 0.054229
0.937975 0.022219 0.010938 0.000010 0.028858
0.908543 0.024919 0.000010 0.000010 0.066518
0.927265 0.025168 0.007208 0.000010 0.040349
0.931101 0.028024 0.005528 0.000010 0.035338
0.917874 0.031297 0.000010 0.000010 0.050809
0.920571 0.025728 0.000010 0.000010 0.053681
0.923662 0.021157 0.000010 0.000010 0.055160
0.905886 0.024358 0.000010 0.000010 0.069736
0.918479 0.021765 0.000010 0.000010 0.059736
0.930011 0.020895 0.000010 0.000010 0.049074
0.936000 0.019982 0.000010 0.000010 0.043998
0.907577 0.028987 0.000010 0.000010 0.063416
0.925777 0.016280 0.000010 0.000010 0.057923
0.947580 0.013667 0.000010 0.000010 0.038734
0.924824 0.016583 0.000010 0.000010 0.058572
0.941215 0.020472 0.000010 0.000010 0.038293
0.960308 0.010651 0.000010 0.000010 0.029021
0.929869 0.019268 0.000010 0.000010 0.050843
0.913340 0.017130 0.000010 0.000010 0.069510
0.914239 0.024862 0.000010 0.000010 0.060879
0.936060 0.019630 0.000010 0.000010 0.044289
0.000013 0.000124 0.000010 0.000010 0.999843
0.000012 0.000602 0.000013 0.000010 0.999363
0.000010 0.000010 0.000010 0.000010 0.999960
0.000010 0.000010 0.000010 0.000010 0.999960
0.000010 0.004888 0.021676 0.000010 0.973416
0.000010 0.001819 0.026882 0.000010 0.971279
0.000010 0.000010 0.000010 0.000010 0.999960
0.000010 0.000010 0.000010 0.000010 0.999960
0.000010 0.000010 0.000010 0.000010 0.999960
0.000010 0.000010 0.000010 0.000010 0.999960
0.000010 0.000010 0.000010 0.000010 0.999960
0.000010 0.000010 0.000010 0.000010 0.999960
0.000010 0.000010 0.000010 0.000010 0.999960
0.000010 0.000010 0.000010 0.000010 0.999960
0.000010 0.000017 0.000010 0.000010 0.999953
0.000010 0.000010 0.000010 0.000010 0.999960
0.000010 0.000010 0.000010 0.000010 0.999960
0.000010 0.000010 0.000010 0.000010 0.999960
0.000010 0.000010 0.000010 0.000010 0.999960
0.000010 0.000010 0.000010 0.000010 0.999960
0.000010 0.000010 0.000010 0.000010 0.999960
0.000010 0.000010 0.000010 0.000010 0.999960
0.000010 0.000010 0.000010 0.000010 0.999960
0.000010 0.000010 0.000010 0.000010 0.999960
0.000011 0.000019 0.000010 0.000010 0.999950
0.000010 0.000019 0.000010 0.000010 0.999951
0.000010 0.000010 0.000010 0.000010 0.999960
0.000010 0.000010 0.000010 0.000010 0.999960
0.000010 0.000014 0.000010 0.000010 0.999956
0.000010 0.000010 0.000010 0.000010 0.999960
0.000010 0.000010 0.000010 0.000010 0.999960
0.000010 0.000010 0.000010 0.000010 0.999960
0.000010 0.000010 0.000010 0.000010 0.999960
0.000010 0.001848 0.000010 0.000010 0.998122
0.000010 0.000010 0.000010 0.000010 0.999960
0.000010 0.000017 0.000010 0.000010 0.999953
0.000010 0.000010 0.000010 0.000010 0.999960
0.000010 0.001218 0.000010 0.000010 0.998752
0.000010 0.000010 0.000010 0.000010 0.999960
0.000010 0.000010 0.000010 0.000010 0.999960
0.000010 0.000010 0.000010 0.000010 0.999960
0.000010 0.000010 0.000010 0.000010 0.999960
0.761732 0.142619 0.000010 0.085040 0.010600
0.623338 0.186994 0.005656 0.181752 0.002260
0.789302 0.115593 0.016639 0.078456 0.000010
0.000010 0.000010 0.000010 0.000010 0.999960
0.000010 0.000010 0.000010 0.000010 0.999960
0.000010 0.005700 0.000010 0.000010 0.994270
0.000010 0.000010 0.000010 0.000010 0.999960
0.000010 0.000010 0.000010 0.000010 0.999960
0.000010 0.000010 0.000010 0.000010 0.999960
0.000010 0.002076 0.000010 0.000010 0.997894
0.000010 0.000010 0.000010 0.000010 0.999960
0.000010 0.000019 0.000010 0.000010 0.999951
0.000010 0.000010 0.000010 0.000010 0.999960
0.000012 0.002481 0.000010 0.000010 0.997488
0.000010 0.001101 0.007486 0.000010 0.991393
0.010109 0.020510 0.000010 0.000010 0.969361
0.000010 0.000010 0.000010 0.000010 0.999960
0.000010 0.000010 0.000010 0.000010 0.999960
0.000010 0.000015 0.000010 0.000010 0.999955
0.000010 0.000010 0.019440 0.000010 0.980530
0.000010 0.002824 0.022221 0.000010 0.974935
0.000010 0.000010 0.000010 0.000010 0.999960
0.000010 0.000010 0.000010 0.000010 0.999960
0.000010 0.000010 0.000010 0.000010 0.999960
0.000010 0.007930 0.000010 0.000010 0.992040
0.000010 0.000013 0.000010 0.000010 0.999957
0.000010 0.000010 0.000010 0.000010 0.999960
0.000010 0.000010 0.000010 0.000010 0.999960
0.000010 0.000010 0.000010 0.000010 0.999960
0.000010 0.004142 0.024817 0.000010 0.971022
0.000010 0.000010 0.022728 0.000010 0.977242
0.000010 0.003395 0.000010 0.000010 0.996575
0.000010 0.000010 0.000010 0.000010 0.999960
0.000013 0.003436 0.000010 0.000010 0.996531
0.000010 0.000010 0.000010 0.000010 0.999960
0.000010 0.002726 0.016850 0.000010 0.980404
0.000010 0.000010 0.020035 0.000010 0.979935
0.000010 0.000010 0.000010 0.000010 0.999960
0.699447 0.134652 0.000010 0.159492 0.006399
0.671020 0.154026 0.001542 0.173402 0.000010
0.796896 0.108468 0.010307 0.076238 0.008091
0.754533 0.150247 0.000010 0.078317 0.016893
0.000010 0.000010 0.000010 0.000010 0.999960
0.000010 0.000010 0.000010 0.000010 0.999960
0.000010 0.000010 0.000010 0.000010 0.999960
0.000010 0.000010 0.000010 0.000010 0.999960
0.000010 0.000010 0.000010 0.000010 0.999960
0.000010 0.000010 0.000010 0.000010 0.999960
0.000010 0.000010 0.000010 0.000010 0.999960
0.000010 0.000010 0.000010 0.000010 0.999960
0.000010 0.000010 0.000010 0.000010 0.999960
0.000010 0.000010 0.000010 0.000010 0.999960
0.000010 0.000010 0.019419 0.000010 0.980551
0.000010 0.000010 0.024251 0.000010 0.975719
0.000010 0.000010 0.000010 0.000010 0.999960
0.000010 0.000010 0.000010 0.000010 0.999960
0.000010 0.000010 0.000010 0.000010 0.999960
0.000010 0.000010 0.000010 0.000010 0.999960
0.000010 0.000010 0.000010 0.000010 0.999960
0.000010 0.000010 0.000010 0.000010 0.999960
0.000010 0.000010 0.000010 0.000010 0.999960
0.000010 0.000010 0.000010 0.000010 0.999960
0.000010 0.000010 0.000010 0.000010 0.999960
0.000010 0.000010 0.000010 0.000010 0.999960
0.000010 0.000010 0.000010 0.000010 0.999960
0.000010 0.000010 0.000010 0.000010 0.999960
0.000010 0.000010 0.000010 0.000010 0.999960
0.000010 0.000010 0.000010 0.000010 0.999960
0.000010 0.000010 0.026387 0.000010 0.973583
0.000010 0.000010 0.024963 0.000010 0.975007
0.880980 0.073623 0.003304 0.035459 0.006633
0.801829 0.118469 0.007892 0.065174 0.006636
0.697530 0.193795 0.000010 0.101743 0.006921
0.825319 0.104162 0.000010 0.062419 0.008089
0.817019 0.098754 0.000010 0.080705 0.003512
0.879870 0.065583 0.000380 0.054157 0.000010
0.727425 0.148309 0.000010 0.119365 0.004891
0.840316 0.057490 0.044342 0.057842 0.000010
0.641131 0.229704 0.034071 0.095083 0.000010
0.000010 0.000010 0.010643 0.000010 0.989327
0.000010 0.000010 0.000013 0.000010 0.999957
0.000010 0.000010 0.000458 0.000010 0.999512
0.000010 0.000010 0.000010 0.000010 0.999960
0.000010 0.000010 0.006517 0.000010 0.993453
0.000010 0.000010 0.000010 0.000010 0.999960
0.000010 0.000010 0.000010 0.000010 0.999960
0.000010 0.000010 0.000010 0.000010 0.999960
0.000010 0.000010 0.009682 0.000010 0.990288
0.000010 0.000010 0.008676 0.000010 0.991294
0.000010 0.000010 0.000012 0.000010 0.999958
0.000010 0.000010 0.000010 0.000010 0.999960
0.000010 0.000015 0.000010 0.000010 0.999955
0.000010 0.000010 0.000010 0.000010 0.999960
0.000010 0.000010 0.000010 0.000010 0.999960
0.813310 0.090957 0.000010 0.089083 0.006640
0.736283 0.143303 0.000010 0.116221 0.004182
0.638475 0.129232 0.000010 0.226200 0.006083
0.593469 0.184270 0.000010 0.209886 0.012366
0.592244 0.173816 0.000010 0.214244 0.019686
0.770601 0.156703 0.000010 0.065984 0.006702
0.762833 0.101936 0.000010 0.127151 0.008070
0.684434 0.155472 0.036026 0.124058 0.000010
0.786063 0.111768 0.000010 0.088389 0.013770
0.789526 0.128363 0.000010 0.068829 0.013273
0.493453 0.118671 0.033340 0.354526 0.000010
0.672643 0.122183 0.029923 0.175241 0.000010
0.794926 0.122695 0.000010 0.068764 0.013605
0.770894 0.142342 0.000010 0.078495 0.008259
0.751384 0.153441 0.000010 0.085907 0.009258
0.794947 0.142764 0.000010 0.054063 0.008216
0.771613 0.143821 0.000010 0.084546 0.000010
0.757287 0.146669 0.000010 0.079852 0.016182
0.847261 0.046988 0.000010 0.101409 0.004333
0.584738 0.181840 0.041193 0.192218 0.000010
0.694148 0.127034 0.000010 0.162716 0.016091
0.704424 0.202565 0.000010 0.088854 0.004147
0.637576 0.147561 0.000010 0.197922 0.016930
0.732419 0.161923 0.000010 0.100047 0.005602
0.744974 0.115561 0.000010 0.125193 0.014262
0.672616 0.176029 0.000010 0.136138 0.015208
0.653286 0.112217 0.048961 0.185526 0.000010
0.665335 0.140412 0.046968 0.147274 0.000010
0.587521 0.126307 0.035393 0.250768 0.000010
0.734547 0.121634 0.000010 0.131356 0.012453
0.754874 0.130144 0.000010 0.112068 0.002904
0.749407 0.154427 0.000010 0.096145 0.000010
0.749573 0.148446 0.000010 0.101961 0.000010
0.677482 0.170580 0.000010 0.145274 0.006655
0.694350 0.129574 0.000010 0.172106 0.003960
0.775836 0.111751 0.000010 0.089849 0.022553
0.829321 0.081315 0.000010 0.080878 0.008476
0.656136 0.112108 0.000010 0.217695 0.014051
0.294663 0.064838 0.000010 0.635417 0.005072
0.724151 0.136950 0.000010 0.129013 0.009877
0.734595 0.143648 0.000010 0.119877 0.001871
0.896885 0.076640 0.001937 0.024529 0.000010
0.689819 0.285639 0.000010 0.013974 0.010558
0.808328 0.124849 0.039003 0.027811 0.000010
0.598427 0.297426 0.052006 0.052130 0.000010
0.656901 0.224426 0.046475 0.072189 0.000010
0.555889 0.287713 0.000010 0.152657 0.003731
0.626402 0.253033 0.003090 0.099645 0.017831
0.646845 0.247538 0.041650 0.063958 0.000010
0.646337 0.257887 0.033067 0.062699 0.000010
0.807430 0.159870 0.000539 0.028366 0.003794
0.649438 0.223390 0.003497 0.121718 0.001958
0.632887 0.265275 0.000010 0.095244 0.006584
0.608488 0.351472 0.005359 0.028871 0.005811
0.522009 0.295317 0.000278 0.182386 0.000010
0.667185 0.279407 0.006776 0.042991 0.003642
0.412354 0.364795 0.030313 0.191605 0.000932
0.679976 0.263929 0.000010 0.056074 0.000010
0.446964 0.430511 0.000010 0.103739 0.018777
0.620016 0.162489 0.028722 0.188763 0.000010
0.683904 0.164643 0.049056 0.102387 0.000010
0.742015 0.121455 0.029523 0.106996 0.000010
0.626527 0.137622 0.000010 0.228916 0.006926
0.879947 0.054530 0.024840 0.030940 0.009743
0.713344 0.155761 0.000010 0.121265 0.009620
0.662879 0.134438 0.000010 0.189030 0.013643
0.865732 0.051767 0.000010 0.070035 0.012456
0.805802 0.113069 0.000010 0.066519 0.014601
0.744134 0.155008 0.000010 0.099556 0.001293
0.723589 0.185023 0.000010 0.080766 0.010612
0.708210 0.154534 0.000010 0.134086 0.003160
0.717138 0.166325 0.000010 0.116101 0.000426
0.571311 0.234133 0.000010 0.184233 0.010313
0.556318 0.211427 0.000010 0.218186 0.014059
0.609276 0.213702 0.000010 0.159627 0.017385
0.707102 0.194182 0.000010 0.096034 0.002672
0.785306 0.139834 0.000010 0.067897 0.006953
0.663794 0.142676 0.000010 0.187717 0.005803
0.813748 0.091728 0.046582 0.047932 0.000010
0.743264 0.135435 0.000010 0.107146 0.014145
0.763751 0.112747 0.000010 0.120062 0.003430
0.255422 0.068348 0.000010 0.672776 0.003444
0.440211 0.051123 0.000010 0.504209 0.004447
0.625381 0.166405 0.000010 0.201003 0.007201
0.756031 0.110925 0.015149 0.116290 0.001604
0.594760 0.315356 0.009096 0.076310 0.004478
0.699884 0.268179 0.000010 0.028184 0.003744
0.719293 0.227687 0.000625 0.051810 0.000585
0.512998 0.296976 0.011772 0.173745 0.004508
0.809665 0.173022 0.000010 0.016911 0.000392
0.681502 0.295940 0.000010 0.022538 0.000010
0.832716 0.132022 0.000010 0.033570 0.001683
0.549988 0.312378 0.000010 0.132096 0.005528
0.632031 0.261716 0.029635 0.076608 0.000010
0.656707 0.262104 0.004449 0.076730 0.000010
0.489351 0.311570 0.011424 0.185436 0.002219
0.934110 0.050589 0.000010 0.015281 0.000010
0.612588 0.352220 0.012469 0.019058 0.003665
0.680070 0.278145 0.016725 0.025050 0.000010
0.674836 0.256905 0.038160 0.030089 0.000010
0.676570 0.215245 0.037194 0.070981 0.000010
0.589744 0.141295 0.026750 0.242201 0.000010
0.654584 0.186859 0.040702 0.117845 0.000010
0.642666 0.182757 0.054451 0.120116 0.000010
0.637440 0.185398 0.021479 0.155673 0.000010
0.596781 0.151765 0.018275 0.233169 0.000010
0.768720 0.084788 0.051886 0.094596 0.000010
0.702132 0.128061 0.032094 0.137703 0.000010
0.690854 0.152029 0.042072 0.115035 0.000010
0.729794 0.090918 0.038393 0.140885 0.000010
0.680364 0.182172 0.024831 0.112623 0.000010
0.996762 0.003208 0.000010 0.000010 0.000010
0.384454 0.590187 0.000010 0.007047 0.018302
0.422711 0.217987 0.000010 0.347306 0.011986
0.545215 0.416005 0.007659 0.031111 0.000010
0.697986 0.228221 0.014732 0.057044 0.002016
0.560792 0.384878 0.002085 0.045596 0.006649
0.529129 0.381655 0.000010 0.077443 0.011763
0.691449 0.279956 0.000010 0.015343 0.013242
0.765082 0.186371 0.000010 0.030061 0.018477
0.822003 0.156425 0.000010 0.015633 0.005929
0.619465 0.312767 0.006652 0.061106 0.000010
0.684559 0.290685 0.000010 0.016353 0.008393
0.687786 0.252031 0.000010 0.047283 0.012890
0.675430 0.238672 0.016738 0.069135 0.000026
0.591195 0.231714 0.048805 0.128276 0.000010
0.475163 0.314238 0.032579 0.178010 0.000010
0.574969 0.270008 0.000010 0.140703 0.014311
0.627806 0.247769 0.000010 0.105796 0.018619
0.333423 0.510974 0.029547 0.126046 0.000010
0.606528 0.313943 0.036524 0.042994 0.000010
0.717544 0.260294 0.000010 0.018935 0.003217
0.546224 0.303693 0.000010 0.134701 0.015372
0.588302 0.303354 0.000010 0.101486 0.006847
0.567927 0.378382 0.000010 0.043624 0.010058
0.724716 0.243033 0.000010 0.032230 0.000010
0.697736 0.230704 0.000010 0.065728 0.005822
0.797198 0.137143 0.000010 0.059039 0.006610
0.433874 0.276929 0.000010 0.274102 0.015085
0.612707 0.185058 0.030525 0.171700 0.000010
0.613692 0.134755 0.032928 0.217332 0.001294
0.753890 0.131628 0.035720 0.078752 0.000010
0.588600 0.198161 0.038976 0.174253 0.000010
0.642269 0.161318 0.025392 0.171011 0.000010
0.615282 0.174885 0.040249 0.169574 0.000010
0.619949 0.169666 0.036665 0.173709 0.000010
0.734662 0.102938 0.056826 0.105564 0.000010
0.654765 0.210193 0.038584 0.096448 0.000010
0.622126 0.193121 0.034780 0.149964 0.000010
0.650164 0.161893 0.045883 0.142050 0.000010
0.572084 0.277601 0.038328 0.111977 0.000010
0.674763 0.241150 0.053087 0.030990 0.000010
0.405321 0.516123 0.033419 0.045127 0.000010
0.861639 0.113409 0.000010 0.014320 0.010622
0.927126 0.052820 0.000010 0.020034 0.000010
0.596078 0.230909 0.000010 0.171023 0.001980
0.562753 0.397548 0.000010 0.023769 0.015919
0.346698 0.574779 0.028270 0.050243 0.000010
0.574256 0.289275 0.033765 0.102694 0.000010
0.636278 0.243422 0.046396 0.071516 0.002388
0.550730 0.409337 0.000010 0.038999 0.000924
0.541665 0.395545 0.000059 0.052233 0.010498
0.526524 0.413984 0.024798 0.034684 0.000010
0.436699 0.374432 0.000010 0.178231 0.010629
0.382255 0.307106 0.000010 0.288645 0.021984
0.474021 0.325081 0.000010 0.197148 0.003740
0.790656 0.189533 0.000010 0.018291 0.001511
0.756873 0.179615 0.039731 0.023770 0.000010
0.788605 0.157430 0.034969 0.018986 0.000010
0.806661 0.126302 0.034537 0.032490 0.000010
0.345914 0.260092 0.037131 0.356854 0.000010
0.558816 0.358384 0.042482 0.040308 0.000010
0.699867 0.144419 0.000010 0.153305 0.002399
0.850146 0.120001 0.000010 0.020047 0.009796
0.820709 0.155976 0.000010 0.017182 0.006124
0.757319 0.210151 0.000010 0.031992 0.000528
0.477527 0.418594 0.001850 0.099045 0.002983
0.477594 0.384518 0.000010 0.126415 0.011463
0.571639 0.381070 0.000010 0.047271 0.000010
0.597567 0.349016 0.005661 0.047746 0.000010
0.958148 0.000010 0.016227 0.025605 0.000010
0.962437 0.000010 0.010145 0.027398 0.000010
0.984298 0.000010 0.003047 0.012635 0.000010
0.977422 0.000010 0.001812 0.018097 0.002659
0.977539 0.000010 0.000010 0.022431 0.000010
0.979713 0.001120 0.000010 0.019148 0.000010
0.975338 0.000010 0.000010 0.024632 0.000010
0.982698 0.000010 0.000010 0.017272 0.000010
0.988557 0.000010 0.000010 0.011413 0.000010
0.989178 0.000010 0.000010 0.010792 0.000010
0.999960 0.000010 0.000010 0.000010 0.000010
0.999955 0.000010 0.000010 0.000015 0.000010
0.999960 0.000010 0.000010 0.000010 0.000010
0.999960 0.000010 0.000010 0.000010 0.000010
0.999960 0.000010 0.000010 0.000010 0.000010
0.999960 0.000010 0.000010 0.000010 0.000010
0.982789 0.000010 0.000010 0.016948 0.000243
0.976511 0.000010 0.000582 0.022159 0.000738
0.964550 0.000010 0.001587 0.033843 0.000010
0.974137 0.000010 0.000010 0.025833 0.000010
0.967217 0.000010 0.004112 0.025369 0.003293
0.976692 0.000010 0.000010 0.023278 0.000010
0.985964 0.000010 0.000010 0.014006 0.000010
0.987820 0.000230 0.000240 0.010470 0.001240
0.697273 0.229359 0.005132 0.068226 0.000010
0.371198 0.237149 0.004984 0.386659 0.000010
0.397706 0.328787 0.043064 0.230433 0.000010
0.276430 0.720505 0.000010 0.000010 0.003045
0.493221 0.483169 0.006988 0.012866 0.003756
0.313402 0.686568 0.000010 0.000010 0.000010
0.000010 0.999960 0.000010 0.000010 0.000010
0.491738 0.439654 0.000010 0.064220 0.004378
0.358887 0.625369 0.000010 0.008536 0.007198
0.242956 0.007602 0.749422 0.000010 0.000010
0.258369 0.009261 0.732350 0.000010 0.000010
0.259051 0.011400 0.729529 0.000010 0.000010
0.305293 0.000010 0.694677 0.000010 0.000010
0.000014 0.000010 0.015595 0.000010 0.984371
0.000010 0.000010 0.046044 0.000010 0.953926
0.001248 0.000010 0.023453 0.000010 0.975278
0.002091 0.000010 0.025574 0.000010 0.972315
0.000010 0.000010 0.025149 0.000010 0.974821
0.000010 0.000010 0.008265 0.000010 0.991705
0.967686 0.000010 0.008238 0.024056 0.000010
0.978629 0.000010 0.000010 0.021341 0.000010
0.984239 0.000431 0.002384 0.012936 0.000010
0.985464 0.000010 0.000010 0.014506 0.000010
0.975561 0.001106 0.009386 0.013937 0.000010
0.975955 0.000010 0.006468 0.017557 0.000010
0.979060 0.000010 0.000010 0.020910 0.000010
0.973694 0.000010 0.000010 0.026276 0.000010
0.981669 0.000010 0.008355 0.009956 0.000010
0.980059 0.000010 0.006529 0.013392 0.000010
0.968458 0.000010 0.012825 0.018697 0.000010
0.963873 0.019433 0.001806 0.014878 0.000010
0.968357 0.000010 0.014310 0.017314 0.000010
0.967294 0.000898 0.006696 0.025102 0.000010
0.970375 0.002011 0.003999 0.023605 0.000010
0.962378 0.000010 0.012107 0.025029 0.000475
0.980132 0.002672 0.000010 0.015586 0.001600
0.959658 0.000010 0.014412 0.024454 0.001465
0.920709 0.000010 0.015917 0.063353 0.000010
0.934932 0.000010 0.017058 0.047991 0.000010
0.990597 0.000010 0.004017 0.005366 0.000010
0.983454 0.000010 0.000010 0.016516 0.000010
0.953105 0.000010 0.015809 0.031066 0.000010
0.940427 0.000010 0.009373 0.050181 0.000010
0.973158 0.000010 0.012125 0.014697 0.000010
0.981076 0.002113 0.007110 0.009690 0.000010
0.990751 0.000010 0.000010 0.009219 0.000010
0.990951 0.000010 0.000010 0.008534 0.000495
0.992259 0.000010 0.000010 0.007711 0.000010
0.988175 0.000010 0.000010 0.011795 0.000010
0.984329 0.000010 0.000010 0.015568 0.000083
0.985659 0.000010 0.000010 0.014311 0.000010
0.992085 0.000010 0.000010 0.007885 0.000010
0.991030 0.000010 0.000010 0.006751 0.002199
0.970423 0.000010 0.000010 0.025269 0.004289
0.979417 0.000010 0.000010 0.017712 0.002851
0.949123 0.000010 0.000010 0.047845 0.003011
0.940809 0.000010 0.000010 0.051411 0.007760
0.953586 0.000732 0.017282 0.028390 0.000010
0.959832 0.000010 0.012624 0.027524 0.000010
0.999960 0.000010 0.000010 0.000010 0.000010
0.999960 0.000010 0.000010 0.000010 0.000010
0.960715 0.000010 0.008587 0.030679 0.000010
0.969665 0.000010 0.006400 0.023915 0.000010
0.975424 0.000010 0.006333 0.018223 0.000010
0.962467 0.000010 0.015701 0.021812 0.000010
0.966522 0.000010 0.005663 0.027795 0.000010
0.969640 0.000010 0.007664 0.022676 0.000010
0.988051 0.000010 0.000010 0.011919 0.000010
0.987042 0.000010 0.000010 0.012928 0.000010
0.962344 0.000613 0.009489 0.023781 0.003773
0.955004 0.000010 0.014887 0.030089 0.000010
0.974570 0.000010 0.010896 0.014514 0.000010
0.968937 0.000010 0.018452 0.012591 0.000010
0.942577 0.000010 0.039024 0.018379 0.000010
0.928820 0.000010 0.045591 0.025569 0.000010
0.936315 0.000010 0.041188 0.022477 0.000010
0.929689 0.000010 0.045143 0.025148 0.000010
0.979743 0.000010 0.001529 0.018708 0.000010
0.990699 0.000010 0.000010 0.009271 0.000010
0.981658 0.000237 0.010120 0.007975 0.000010
0.989679 0.001345 0.000010 0.008956 0.000010
0.984831 0.000010 0.005866 0.006262 0.003031
0.985223 0.000010 0.007171 0.007586 0.000010
0.988899 0.000010 0.003095 0.007986 0.000010
0.982341 0.000010 0.006519 0.011120 0.000010
0.969709 0.000010 0.007144 0.023128 0.000010
0.974610 0.000010 0.005053 0.020316 0.000010
0.952366 0.000010 0.043114 0.004500 0.000010
0.946624 0.000010 0.047159 0.006198 0.000010
0.999960 0.000010 0.000010 0.000010 0.000010
0.991905 0.003497 0.004578 0.000010 0.000010
0.987657 0.004619 0.007704 0.000010 0.000010
0.000010 0.000010 0.000010 0.000010 0.999960
0.000010 0.000010 0.000010 0.000010 0.999960
0.000010 0.000010 0.000010 0.000010 0.999960
0.000010 0.000010 0.004746 0.000010 0.995224
0.000010 0.005494 0.000010 0.000010 0.994476
0.000010 0.000010 0.000010 0.000010 0.999960
0.000010 0.000010 0.000010 0.000010 0.999960
0.000010 0.000010 0.001775 0.000010 0.998195
0.000010 0.000010 0.000154 0.000010 0.999816
0.000010 0.000010 0.000010 0.000010 0.999960
0.000010 0.000010 0.000014 0.000010 0.999956
0.000010 0.000010 0.000010 0.000010 0.999960
0.000010 0.000010 0.002273 0.000010 0.997697
0.000010 0.000010 0.000010 0.000010 0.999960
0.000010 0.000013 0.000010 0.000010 0.999957
0.000010 0.000013 0.000012 0.000010 0.999954
0.000010 0.000010 0.000010 0.000010 0.999960
0.000010 0.000010 0.000010 0.000010 0.999960
0.000010 0.000010 0.000010 0.000010 0.999960
0.000010 0.000010 0.004181 0.000010 0.995789
0.000010 0.000010 0.000010 0.000010 0.999960
0.000010 0.000010 0.000014 0.000010 0.999956
0.001444 0.000010 0.013522 0.000010 0.985014
0.004025 0.000010 0.010057 0.000010 0.985898
0.002370 0.000010 0.021938 0.000010 0.975672
0.000010 0.000010 0.013442 0.000010 0.986528
0.005238 0.000010 0.014875 0.000010 0.979867
0.001589 0.000010 0.018898 0.000010 0.979494
0.003947 0.000010 0.026044 0.000010 0.969989
0.000879 0.000010 0.028268 0.000010 0.970833
0.001148 0.000010 0.022194 0.000010 0.976639
0.003039 0.000010 0.027229 0.000010 0.969712
0.006455 0.000010 0.016514 0.000010 0.977010
0.001248 0.000010 0.008823 0.000010 0.989909
0.004147 0.000010 0.023191 0.000010 0.972641
0.000015 0.000017 0.022822 0.000010 0.977136
0.002114 0.000010 0.028124 0.000010 0.969743
0.000010 0.000010 0.019005 0.000010 0.980965
0.000010 0.000010 0.017946 0.000010 0.982024
0.002177 0.000010 0.007796 0.000010 0.990007
0.000010 0.000010 0.016531 0.000010 0.983439
0.008583 0.000013 0.018579 0.000010 0.972816
0.000010 0.000010 0.025875 0.000010 0.974095
0.000010 0.001172 0.022300 0.000010 0.976509
0.000010 0.000010 0.026708 0.000010 0.973262
0.000010 0.000010 0.019333 0.000010 0.980637
0.000010 0.004025 0.033749 0.000010 0.962206
0.000010 0.000010 0.039273 0.000010 0.960697
0.000010 0.000010 0.024314 0.000010 0.975656
0.000010 0.000010 0.020185 0.000010 0.979785
0.000010 0.000012 0.029800 0.000010 0.970169
0.000010 0.000014 0.041630 0.000010 0.958337
0.000010 0.005406 0.034785 0.000010 0.959789
0.000010 0.000010 0.035376 0.000010 0.964594
0.000010 0.000010 0.043935 0.000010 0.956035
0.000010 0.000010 0.041920 0.000010 0.958050
0.149543 0.000010 0.000010 0.831900 0.018536
0.097874 0.000010 0.265969 0.541979 0.094167
0.036407 0.000010 0.000010 0.952784 0.010789
0.142017 0.000010 0.000010 0.851295 0.006667
0.061777 0.000010 0.000010 0.938193 0.000010
0.111455 0.003508 0.000010 0.885016 0.000010
0.032483 0.000010 0.000010 0.967487 0.000010
0.126588 0.000010 0.000673 0.872720 0.000010
0.187533 0.748850 0.000010 0.054782 0.008825
0.287881 0.588200 0.000010 0.115463 0.008446
0.087464 0.000010 0.000010 0.910960 0.001556
0.031574 0.000010 0.000010 0.959797 0.008609
0.090603 0.000010 0.010287 0.899090 0.000010
0.147538 0.000940 0.000010 0.840927 0.010585
0.074000 0.000010 0.000010 0.915481 0.010498
0.099641 0.900329 0.000010 0.000010 0.000010
0.193009 0.806961 0.000010 0.000010 0.000010
0.000010 0.999960 0.000010 0.000010 0.000010
0.209479 0.777500 0.000010 0.000010 0.013002
0.000010 0.999960 0.000010 0.000010 0.000010
0.115164 0.699452 0.000010 0.105451 0.079923
0.000010 0.999960 0.000010 0.000010 0.000010
0.000010 0.999960 0.000010 0.000010 0.000010
0.166328 0.833642 0.000010 0.000010 0.000010
0.193568 0.664149 0.000010 0.093337 0.048936
0.231382 0.768588 0.000010 0.000010 0.000010
0.277836 0.688989 0.000010 0.032987 0.000179
0.000010 0.999960 0.000010 0.000010 0.000010
0.189078 0.810892 0.000010 0.000010 0.000010
0.092969 0.849109 0.000010 0.051372 0.006540
0.119785 0.880185 0.000010 0.000010 0.000010
0.080577 0.537762 0.000010 0.004364 0.377287
0.190070 0.809900 0.000010 0.000010 0.000010
0.320840 0.637208 0.005011 0.024369 0.012572
0.088755 0.675410 0.008232 0.166817 0.060786
0.060023 0.880266 0.000010 0.051057 0.008644
0.000010 0.999960 0.000010 0.000010 0.000010
0.059129 0.940841 0.000010 0.000010 0.000010
0.035854 0.964115 0.000010 0.000011 0.000010
0.077631 0.000010 0.000010 0.922339 0.000010
0.136946 0.000010 0.000010 0.848020 0.015014
0.000010 0.999960 0.000010 0.000010 0.000010
0.259401 0.617298 0.042654 0.080637 0.000010
0.322858 0.669724 0.004329 0.003078 0.000010
0.000010 0.999960 0.000010 0.000010 0.000010
0.302642 0.687003 0.010335 0.000010 0.000010
0.241347 0.586471 0.000010 0.165440 0.006732
0.122299 0.845766 0.000010 0.031914 0.000010
0.000010 0.999960 0.000010 0.000010 0.000010
0.273264 0.718143 0.004845 0.003738 0.000010
0.175039 0.824931 0.000010 0.000010 0.000010
0.251620 0.737633 0.008517 0.002219 0.000010
0.207081 0.759877 0.000010 0.033023 0.000010
0.181232 0.813880 0.000010 0.000010 0.004868
0.084167 0.000010 0.000010 0.910394 0.005419
0.134642 0.001024 0.000010 0.861428 0.002896
0.437827 0.000010 0.002421 0.559733 0.000010
0.148356 0.002491 0.003698 0.841868 0.003586
0.075493 0.000010 0.000010 0.910713 0.013774
0.207019 0.774958 0.000010 0.018003 0.000010
0.055430 0.944531 0.000010 0.000019 0.000010
0.071252 0.928718 0.000010 0.000010 0.000010
0.171979 0.820143 0.007858 0.000010 0.000010
0.128769 0.871201 0.000010 0.000010 0.000010
0.267826 0.341770 0.006160 0.384234 0.000010
0.118076 0.881894 0.000010 0.000010 0.000010
0.145224 0.003945 0.000010 0.850810 0.000010
0.156687 0.002170 0.000010 0.839322 0.001810
0.081034 0.000010 0.000010 0.913759 0.005187
0.033188 0.000010 0.000010 0.962200 0.004592
0.126886 0.000012 0.000010 0.873082 0.000010
0.000014 0.000417 0.113721 0.000010 0.885839
0.000010 0.000010 0.043992 0.000010 0.955978
0.002327 0.000010 0.025546 0.000010 0.972107
0.000010 0.000010 0.038894 0.000010 0.961076
0.002085 0.000013 0.024168 0.000010 0.973724
0.000041 0.000010 0.022341 0.000010 0.977597
0.000010 0.000010 0.019409 0.000010 0.980561
0.000012 0.000010 0.021591 0.000010 0.978376
0.000010 0.000010 0.000010 0.000010 0.999960
0.005340 0.000010 0.003237 0.000010 0.991403
0.000910 0.000010 0.008210 0.000010 0.990860
0.000010 0.000010 0.036177 0.000010 0.963793
0.000010 0.000010 0.032256 0.000010 0.967714
0.000010 0.000010 0.035609 0.000010 0.964361
0.000010 0.000010 0.040462 0.000010 0.959508
0.000010 0.000012 0.035508 0.000010 0.964460
0.003250 0.000015 0.013121 0.000010 0.983605
0.026979 0.000010 0.000010 0.966860 0.006141
0.033204 0.000010 0.000010 0.966766 0.000010
0.065083 0.000010 0.000010 0.924103 0.010794
0.128670 0.002376 0.000010 0.867603 0.001340
0.000010 0.002100 0.034987 0.000010 0.962893
0.000010 0.000011 0.074001 0.000010 0.925968
0.000010 0.000010 0.014938 0.000010 0.985032
0.000010 0.000010 0.031413 0.000010 0.968557
0.000010 0.000019 0.014073 0.000010 0.985888
0.003958 0.000010 0.020090 0.000010 0.975931
0.000010 0.003847 0.045920 0.000010 0.950213
0.000012 0.000514 0.036872 0.000010 0.962591
0.000010 0.004397 0.043283 0.000010 0.952300
0.000010 0.000010 0.023408 0.000010 0.976562
0.000010 0.000010 0.038227 0.000010 0.961743
0.000010 0.000010 0.021677 0.000010 0.978293
0.000010 0.000010 0.022039 0.000010 0.977931
0.000010 0.000010 0.030438 0.000010 0.969532
0.000010 0.000014 0.032783 0.000010 0.967183
0.000010 0.000837 0.021509 0.000010 0.977635
0.000010 0.002132 0.029001 0.000010 0.968847
0.000010 0.000010 0.036738 0.000010 0.963232
0.000010 0.000010 0.036803 0.000010 0.963167
0.000010 0.000010 0.029083 0.000010 0.970887
0.000010 0.000010 0.022456 0.000010 0.977514
0.290840 0.692991 0.002626 0.013533 0.000010
0.273394 0.602320 0.002579 0.121697 0.000010
0.067832 0.000010 0.000010 0.932138 0.000010
0.105219 0.873659 0.021100 0.000012 0.000010
0.058655 0.941315 0.000010 0.000010 0.000010
0.000010 0.999960 0.000010 0.000010 0.000010
0.032822 0.000010 0.000010 0.967148 0.000010
0.162714 0.002343 0.000010 0.833512 0.001421
0.075261 0.000010 0.000010 0.924416 0.000302
0.000010 0.000010 0.028290 0.000010 0.971680
0.000012 0.000010 0.041930 0.000010 0.958038
0.000010 0.000010 0.031414 0.000010 0.968556
0.000010 0.000010 0.021663 0.000010 0.978307
0.000010 0.002175 0.020114 0.000010 0.977691
0.000010 0.000293 0.038052 0.000010 0.961635
0.000010 0.000010 0.025123 0.000010 0.974847
0.008416 0.000010 0.087026 0.000010 0.904538
0.000010 0.000010 0.021710 0.000010 0.978260
0.005736 0.000010 0.012676 0.000010 0.981568
0.000010 0.000010 0.035757 0.000010 0.964213
0.000010 0.000010 0.019536 0.000010 0.980434
0.000010 0.000010 0.029686 0.000010 0.970284
0.000010 0.000010 0.025364 0.000010 0.974606
0.000010 0.000010 0.030070 0.000010 0.969900
0.000012 0.000010 0.036427 0.000010 0.963541
0.089860 0.000010 0.021928 0.000010 0.888192
0.173623 0.000010 0.010304 0.812683 0.003379
0.062293 0.004210 0.000010 0.933478 0.000010
0.071432 0.928538 0.000010 0.000010 0.000010
0.035963 0.964002 0.000014 0.000010 0.000010
0.000010 0.999960 0.000010 0.000010 0.000010
0.000010 0.000010 0.004418 0.000010 0.995552
0.000010 0.000010 0.008033 0.000010 0.991937
0.000010 0.000010 0.018479 0.000010 0.981491
0.000010 0.000010 0.000915 0.000010 0.999055
0.000010 0.000010 0.003472 0.000010 0.996498
0.000010 0.000010 0.006205 0.000010 0.993765
0.000010 0.000010 0.015575 0.000010 0.984395
0.000010 0.000010 0.015839 0.000010 0.984131
0.000010 0.000010 0.000010 0.000010 0.999960
0.000010 0.000010 0.000010 0.000010 0.999960
0.000010 0.000010 0.007968 0.000010 0.992002
0.000010 0.000010 0.000010 0.000010 0.999960
0.000010 0.000010 0.010542 0.000010 0.989428
0.000010 0.000010 0.000825 0.000010 0.999145
0.000010 0.000010 0.000010 0.000010 0.999960
0.000010 0.000010 0.005778 0.000010 0.994192
0.000010 0.000010 0.003861 0.000010 0.996109
0.000010 0.000015 0.009354 0.000010 0.990611
0.000010 0.000010 0.001156 0.000010 0.998814
0.000010 0.000010 0.007000 0.000010 0.992970
0.999960 0.000010 0.000010 0.000010 0.000010
0.946179 0.000010 0.046097 0.007704 0.000010
0.978845 0.000010 0.013024 0.008111 0.000010
0.985236 0.000010 0.000010 0.014734 0.000010
0.977523 0.000010 0.011807 0.010650 0.000010
0.989801 0.000010 0.004600 0.004017 0.001572
0.988322 0.000010 0.008371 0.003287 0.000010
0.983797 0.000010 0.009798 0.006385 0.000010
0.977939 0.000010 0.000010 0.022031 0.000010
0.975009 0.000010 0.000010 0.020698 0.004274
0.964136 0.000010 0.022660 0.013184 0.000010
0.977226 0.000010 0.004822 0.017933 0.000010
0.977926 0.000010 0.000010 0.021268 0.000786
0.936005 0.000010 0.036265 0.020672 0.007048
0.000010 0.000010 0.000010 0.000010 0.999960
0.271408 0.675367 0.040014 0.013200 0.000010
0.381070 0.572618 0.042241 0.004061 0.000010
0.064547 0.000010 0.000010 0.926524 0.008909
0.189181 0.029276 0.000010 0.781522 0.000010
0.000010 0.999960 0.000010 0.000010 0.000010
0.134304 0.859626 0.000010 0.000010 0.006050
0.164504 0.825243 0.010233 0.000010 0.000010
0.000010 0.999960 0.000010 0.000010 0.000010
0.022763 0.977207 0.000010 0.000010 0.000010
0.000010 0.999960 0.000010 0.000010 0.000010
0.000010 0.999960 0.000010 0.000010 0.000010
0.090357 0.627739 0.032755 0.249138 0.000010
0.000010 0.999960 0.000010 0.000010 0.000010
0.279952 0.714940 0.005088 0.000010 0.000010
0.042384 0.957586 0.000010 0.000010 0.000010
0.038747 0.000606 0.000010 0.960096 0.000541
0.193676 0.000010 0.000010 0.806294 0.000010
0.199016 0.005467 0.000961 0.792216 0.002341
0.159666 0.000010 0.000010 0.839004 0.001309
0.169116 0.826204 0.000010 0.004660 0.000010
0.214442 0.784356 0.001183 0.000010 0.000010
0.000010 0.999960 0.000010 0.000010 0.000010
0.091839 0.908131 0.000010 0.000010 0.000010
0.345015 0.650573 0.000010 0.004281 0.000121
0.087903 0.912067 0.000010 0.000010 0.000010
0.128053 0.871917 0.000010 0.000010 0.000010
0.119290 0.791570 0.037163 0.047199 0.004778
0.050637 0.002551 0.006740 0.937548 0.002524
0.110847 0.002332 0.000010 0.886802 0.000010
0.105189 0.000010 0.000010 0.894781 0.000010
0.325992 0.641873 0.032115 0.000010 0.000010
0.067279 0.000010 0.000681 0.929698 0.002332
0.125450 0.003629 0.000010 0.870900 0.000010
0.055247 0.000010 0.000010 0.942195 0.002538
0.042177 0.000010 0.005561 0.948184 0.004069
0.119919 0.000010 0.007744 0.872317 0.000010
