0.340005 0.000010 0.000010 0.000010 0.659935 0.000010 0.000010 0.000010
0.327839 0.000010 0.000010 0.000010 0.671142 0.000010 0.000010 0.000970
0.352522 0.000010 0.000010 0.000010 0.647418 0.000010 0.000010 0.000010
0.317463 0.000010 0.000010 0.000010 0.682477 0.000010 0.000010 0.000010
0.352097 0.000010 0.000326 0.000010 0.647526 0.000010 0.000010 0.000010
0.361876 0.000010 0.000010 0.000010 0.638064 0.000010 0.000010 0.000010
0.327670 0.000010 0.000010 0.000010 0.672270 0.000010 0.000010 0.000010
0.321094 0.000010 0.001881 0.000010 0.676975 0.000010 0.000010 0.000010
0.315019 0.000010 0.000010 0.000010 0.682297 0.000011 0.000010 0.002634
0.362097 0.000010 0.000010 0.000010 0.637843 0.000010 0.000010 0.000010
0.444056 0.000010 0.000010 0.000010 0.555884 0.000010 0.000010 0.000010
0.370806 0.000010 0.000010 0.000010 0.629134 0.000010 0.000010 0.000010
0.423589 0.000010 0.000010 0.000010 0.576351 0.000010 0.000010 0.000010
0.465290 0.000010 0.000010 0.000010 0.534650 0.000010 0.000010 0.000010
0.384127 0.000010 0.000010 0.000010 0.615813 0.000010 0.000010 0.000010
0.411065 0.000010 0.000010 0.000010 0.588871 0.000014 0.000010 0.000010
0.366237 0.000010 0.000014 0.000010 0.633699 0.000010 0.000010 0.000010
0.329805 0.000010 0.000010 0.000010 0.669889 0.000010 0.000010 0.000255
0.409573 0.000010 0.000010 0.000010 0.590367 0.000010 0.000010 0.000010
0.413856 0.000010 0.000010 0.000013 0.586082 0.000010 0.000010 0.000010
0.313969 0.000015 0.000013 0.000010 0.682353 0.000013 0.000010 0.003617
0.432465 0.000010 0.000010 0.000010 0.567475 0.000010 0.000010 0.000010
0.380544 0.000010 0.000010 0.000010 0.619396 0.000010 0.000010 0.000010
0.444785 0.000010 0.000013 0.000010 0.555153 0.000010 0.000010 0.000010
0.347716 0.000010 0.000010 0.000010 0.652224 0.000010 0.000010 0.000010
0.413835 0.000012 0.000010 0.000010 0.586103 0.000010 0.000010 0.000010
0.463060 0.000010 0.000010 0.000010 0.536880 0.000010 0.000010 0.000010
0.300956 0.000010 0.000010 0.000010 0.698984 0.000010 0.000010 0.000010
0.310779 0.000010 0.000010 0.000010 0.689161 0.000010 0.000010 0.000010
0.305674 0.000014 0.000017 0.000010 0.694247 0.000018 0.000010 0.000010
0.347263 0.000010 0.000016 0.000010 0.652664 0.000017 0.000010 0.000010
0.292392 0.000010 0.000010 0.000010 0.706328 0.000010 0.000010 0.001230
0.406462 0.000010 0.000010 0.000010 0.593478 0.000010 0.000010 0.000010
0.294016 0.000010 0.000010 0.000010 0.705737 0.000010 0.000010 0.000197
0.388042 0.000010 0.000010 0.000010 0.611897 0.000012 0.000010 0.000010
0.451824 0.000010 0.000010 0.000010 0.548116 0.000010 0.000010 0.000010
0.423259 0.000010 0.000010 0.000010 0.576681 0.000010 0.000010 0.000010
0.410709 0.000010 0.000010 0.000010 0.589231 0.000010 0.000010 0.000010
0.391714 0.000010 0.000010 0.000010 0.608223 0.000010 0.000013 0.000010
0.412850 0.000010 0.000010 0.000010 0.587090 0.000010 0.000010 0.000010
0.331050 0.000010 0.000010 0.000010 0.668890 0.000010 0.000010 0.000010
0.329140 0.000016 0.000010 0.000010 0.670794 0.000010 0.000010 0.000010
0.303310 0.000010 0.000010 0.000010 0.696630 0.000010 0.000010 0.000010
0.356830 0.000017 0.000010 0.000010 0.643103 0.000010 0.000010 0.000010
0.396195 0.000010 0.000010 0.000010 0.603745 0.000010 0.000010 0.000010
0.316024 0.000010 0.000010 0.000010 0.683916 0.000010 0.000010 0.000010
0.312832 0.000010 0.000010 0.000010 0.687108 0.000010 0.000010 0.000010
0.339665 0.000010 0.000010 0.000010 0.660275 0.000010 0.000010 0.000010
0.365630 0.000010 0.000010 0.000010 0.634308 0.000012 0.000010 0.000010
0.416914 0.000010 0.000010 0.000010 0.583026 0.000010 0.000010 0.000010
0.411418 0.000010 0.000017 0.000010 0.588515 0.000010 0.000010 0.000010
0.416918 0.000010 0.000010 0.000010 0.583022 0.000010 0.000010 0.000010
0.403497 0.000010 0.000010 0.000010 0.596443 0.000010 0.000010 0.000010
0.395398 0.000012 0.000010 0.000010 0.604540 0.000010 0.000010 0.000010
0.384038 0.000010 0.000010 0.000010 0.615902 0.000010 0.000010 0.000010
0.976733 0.000010 0.000010 0.000010 0.000010 0.000010 0.023207 0.000010
0.944892 0.000010 0.003186 0.000010 0.039660 0.000010 0.012221 0.000010
0.806824 0.000010 0.000010 0.000010 0.185861 0.000010 0.007265 0.000010
0.904323 0.000010 0.000012 0.000010 0.068753 0.000010 0.026872 0.000010
0.939481 0.000010 0.004328 0.000010 0.024313 0.000010 0.031839 0.000010
0.844444 0.000010 0.000010 0.000010 0.128044 0.000010 0.027462 0.000010
0.893920 0.000010 0.000688 0.000010 0.078183 0.000010 0.027169 0.000010
0.854755 0.000010 0.000010 0.000010 0.115513 0.000010 0.029682 0.000010
0.631819 0.000010 0.000010 0.000010 0.327717 0.000010 0.022704 0.017720
0.904215 0.000010 0.007224 0.000010 0.063605 0.000010 0.024916 0.000010
0.955721 0.000010 0.000010 0.000010 0.027328 0.000010 0.016901 0.000010
0.917012 0.000010 0.000411 0.000010 0.051041 0.000010 0.021508 0.009998
0.983938 0.000010 0.000010 0.000010 0.000010 0.000010 0.016002 0.000010
0.967823 0.000010 0.002505 0.000010 0.000010 0.000010 0.029622 0.000010
0.814892 0.000010 0.000224 0.000010 0.161451 0.000010 0.023393 0.000010
0.814098 0.000010 0.001325 0.000010 0.162601 0.000010 0.021936 0.000010
0.787032 0.000010 0.000560 0.000010 0.187274 0.000010 0.012858 0.012247
0.320329 0.000010 0.000010 0.000010 0.679611 0.000010 0.000010 0.000010
0.407897 0.000010 0.000010 0.000010 0.592043 0.000010 0.000010 0.000010
0.279299 0.000010 0.000010 0.000010 0.715615 0.000010 0.000010 0.005037
0.307640 0.000010 0.000010 0.000010 0.692300 0.000010 0.000010 0.000010
0.308370 0.000010 0.000010 0.000010 0.691570 0.000010 0.000010 0.000010
0.394808 0.000010 0.000010 0.000012 0.605130 0.000010 0.000010 0.000010
0.405240 0.000011 0.000010 0.000010 0.594700 0.000010 0.000010 0.000010
0.318559 0.000010 0.000010 0.000010 0.681380 0.000011 0.000010 0.000010
0.367390 0.000010 0.000013 0.000010 0.632544 0.000012 0.000010 0.000010
0.300707 0.000010 0.000014 0.000010 0.699229 0.000010 0.000010 0.000010
0.384008 0.000010 0.000010 0.000010 0.615932 0.000010 0.000010 0.000010
0.365808 0.000010 0.000010 0.000010 0.634131 0.000010 0.000010 0.000010
0.328862 0.000013 0.000010 0.000010 0.671074 0.000010 0.000010 0.000010
0.398309 0.000010 0.000010 0.000010 0.601631 0.000010 0.000010 0.000010
0.382612 0.000014 0.000013 0.000010 0.617321 0.000010 0.000010 0.000010
0.398569 0.000010 0.000010 0.000010 0.601371 0.000010 0.000010 0.000010
0.360149 0.000010 0.000010 0.000010 0.639791 0.000010 0.000010 0.000010
0.404619 0.000010 0.000010 0.000010 0.595321 0.000010 0.000010 0.000010
0.381394 0.000010 0.000010 0.000010 0.618546 0.000010 0.000010 0.000010
0.393983 0.000010 0.000010 0.000010 0.605957 0.000010 0.000010 0.000010
0.345043 0.000018 0.000015 0.000010 0.654885 0.000010 0.000010 0.000010
0.419987 0.000010 0.000010 0.000010 0.579953 0.000010 0.000010 0.000010
0.400706 0.000010 0.000010 0.000010 0.599234 0.000010 0.000010 0.000010
0.415985 0.000010 0.000010 0.000010 0.583955 0.000010 0.000010 0.000010
0.398471 0.000010 0.000010 0.000010 0.601469 0.000010 0.000010 0.000010
0.416690 0.000010 0.000010 0.000013 0.583247 0.000010 0.000010 0.000010
0.356551 0.000016 0.000010 0.000010 0.643384 0.000010 0.000010 0.000010
0.397745 0.000010 0.000010 0.000010 0.602195 0.000010 0.000010 0.000010
0.393373 0.000010 0.000010 0.000010 0.606567 0.000010 0.000010 0.000010
0.350427 0.000010 0.000010 0.000010 0.649513 0.000010 0.000010 0.000010
0.383298 0.000010 0.000010 0.000010 0.616642 0.000010 0.000010 0.000010
0.900112 0.000010 0.000010 0.000010 0.084264 0.000010 0.015574 0.000010
0.939114 0.000010 0.000010 0.000010 0.038638 0.000010 0.022198 0.000010
0.896791 0.000010 0.000010 0.008209 0.094950 0.000010 0.000010 0.000010
0.989796 0.000010 0.000010 0.000010 0.000010 0.000010 0.009930 0.000224
0.980830 0.000010 0.000010 0.002484 0.000010 0.000010 0.016636 0.000010
0.969033 0.000010 0.000010 0.000010 0.000010 0.000010 0.030907 0.000010
0.854829 0.000010 0.001307 0.000016 0.126453 0.000010 0.017365 0.000010
0.920488 0.000010 0.000010 0.000010 0.067109 0.000010 0.012353 0.000010
0.874232 0.000010 0.000010 0.009835 0.115883 0.000010 0.000010 0.000010
0.971697 0.000010 0.000010 0.002565 0.009180 0.000010 0.016517 0.000010
0.809774 0.000010 0.000010 0.000147 0.181593 0.000010 0.008447 0.000010
0.984649 0.000010 0.006224 0.005789 0.000010 0.000010 0.003298 0.000010
0.981995 0.000010 0.000010 0.000010 0.003491 0.000010 0.014464 0.000010
0.958628 0.000010 0.000010 0.000010 0.024800 0.000010 0.016522 0.000010
0.982314 0.000010 0.000010 0.000010 0.000010 0.000010 0.017626 0.000010
0.962751 0.000010 0.000010 0.000010 0.021985 0.000010 0.015214 0.000010
0.989495 0.000010 0.000010 0.000577 0.000010 0.000010 0.009879 0.000010
0.931872 0.000010 0.000010 0.000010 0.000010 0.000010 0.000010 0.068068
0.922657 0.000010 0.001500 0.000010 0.000010 0.000010 0.000010 0.075794
0.937752 0.000010 0.000010 0.000010 0.000010 0.000010 0.000010 0.062188
0.801037 0.000010 0.000010 0.000010 0.188326 0.000010 0.010587 0.000010
0.883143 0.000010 0.000763 0.009662 0.086763 0.000010 0.019639 0.000010
0.918803 0.000010 0.000010 0.008682 0.060795 0.000010 0.011680 0.000010
0.900006 0.000010 0.000010 0.007173 0.092771 0.000010 0.000010 0.000010
0.775409 0.000010 0.000010 0.000010 0.222606 0.000010 0.001934 0.000010
0.981986 0.000010 0.000012 0.000010 0.000010 0.000010 0.017952 0.000010
0.945210 0.000010 0.001546 0.000010 0.037758 0.000010 0.015446 0.000010
0.933615 0.000010 0.000010 0.000010 0.066325 0.000010 0.000010 0.000010
0.988994 0.000010 0.000011 0.000010 0.000010 0.000010 0.010945 0.000010
0.890178 0.000010 0.000010 0.001466 0.093330 0.000010 0.014986 0.000010
0.963216 0.000010 0.000010 0.009039 0.014904 0.000010 0.012801 0.000010
0.981529 0.000010 0.000010 0.003972 0.000010 0.000010 0.014449 0.000010
0.993528 0.000010 0.004993 0.000010 0.000010 0.000010 0.001429 0.000010
0.977876 0.000010 0.000010 0.002372 0.000010 0.000010 0.019702 0.000010
0.976141 0.000010 0.000010 0.000010 0.011415 0.000010 0.012394 0.000010
0.971535 0.000010 0.000010 0.011633 0.016781 0.000010 0.000010 0.000010
0.988824 0.000010 0.000010 0.009242 0.001780 0.000010 0.000114 0.000010
0.857857 0.000010 0.000010 0.000016 0.128876 0.000010 0.013211 0.000010
0.891021 0.000010 0.000010 0.000011 0.092312 0.000010 0.016616 0.000010
0.886281 0.000010 0.000011 0.000010 0.094230 0.000010 0.019438 0.000010
0.839471 0.000010 0.003101 0.011729 0.137102 0.000010 0.008568 0.000010
0.883913 0.000010 0.000010 0.007369 0.108668 0.000010 0.000010 0.000010
0.918770 0.000010 0.000010 0.014394 0.065985 0.000010 0.000811 0.000010
0.956778 0.000010 0.000010 0.001610 0.018369 0.000010 0.023203 0.000010
0.839046 0.000010 0.001944 0.011573 0.145418 0.000010 0.001991 0.000010
0.985291 0.000010 0.000010 0.000010 0.003150 0.000010 0.011509 0.000010
0.906647 0.000010 0.000010 0.014643 0.071064 0.000010 0.007606 0.000010
0.688118 0.005869 0.001361 0.016755 0.268983 0.000010 0.004310 0.014593
0.984956 0.000010 0.000010 0.007506 0.000010 0.000010 0.007488 0.000010
0.988838 0.000010 0.000016 0.000010 0.000010 0.000010 0.011096 0.000010
0.728165 0.000010 0.000010 0.000010 0.271775 0.000010 0.000010 0.000010
0.933617 0.000010 0.000010 0.023324 0.043010 0.000010 0.000010 0.000010
0.882377 0.000010 0.000010 0.014735 0.102838 0.000010 0.000010 0.000010
0.897923 0.000010 0.000010 0.000010 0.078569 0.000010 0.021250 0.002218
0.630164 0.000010 0.004026 0.000010 0.364287 0.000010 0.001483 0.000010
0.859293 0.000010 0.000010 0.000010 0.120286 0.000010 0.020371 0.000010
0.926298 0.000010 0.000010 0.021564 0.052089 0.000010 0.000010 0.000010
0.750409 0.000010 0.003234 0.000010 0.230021 0.000010 0.016296 0.000010
0.818720 0.000010 0.005567 0.000010 0.155960 0.000010 0.019712 0.000010
0.900017 0.000010 0.000010 0.000010 0.093533 0.000010 0.006400 0.000010
0.971181 0.000010 0.014334 0.000010 0.000010 0.000010 0.014435 0.000010
0.788381 0.000010 0.005583 0.000010 0.191345 0.000010 0.002101 0.012560
0.978140 0.000010 0.000010 0.000010 0.000010 0.000010 0.021800 0.000010
0.816897 0.000010 0.000565 0.000010 0.158073 0.000010 0.014071 0.010364
0.831037 0.000010 0.008251 0.000010 0.145263 0.000010 0.008055 0.007364
0.956880 0.000010 0.004434 0.000010 0.023114 0.000010 0.015531 0.000010
0.913563 0.000010 0.003423 0.000010 0.058629 0.000010 0.024345 0.000010
0.855268 0.000010 0.000016 0.000010 0.116354 0.000010 0.028322 0.000010
0.974872 0.000010 0.000010 0.000010 0.000010 0.000010 0.025068 0.000010
0.979889 0.000010 0.000010 0.000010 0.000010 0.000010 0.020051 0.000010
0.885746 0.000010 0.000010 0.000010 0.091486 0.000010 0.010294 0.012433
0.917552 0.000010 0.000010 0.000010 0.068646 0.000010 0.013752 0.000010
0.973140 0.000010 0.001590 0.000010 0.000010 0.000010 0.025220 0.000010
0.989923 0.000010 0.000010 0.010017 0.000010 0.000010 0.000010 0.000010
0.848836 0.000010 0.000010 0.000010 0.148617 0.000010 0.002497 0.000010
0.961520 0.000010 0.000010 0.016081 0.022349 0.000010 0.000010 0.000010
0.872674 0.000010 0.002016 0.000010 0.120357 0.000010 0.003517 0.001406
0.731780 0.000010 0.000010 0.000010 0.265020 0.000010 0.003150 0.000010
0.980705 0.000010 0.000010 0.009502 0.009743 0.000010 0.000010 0.000010
0.979829 0.000010 0.000010 0.006827 0.000010 0.000010 0.013294 0.000010
0.986723 0.000010 0.000010 0.013101 0.000010 0.000010 0.000127 0.000010
0.894524 0.000010 0.000010 0.000010 0.093257 0.000010 0.012169 0.000010
0.000010 0.000010 0.000010 0.585924 0.000010 0.000010 0.414016 0.000010
0.000010 0.000010 0.000019 0.572347 0.000010 0.000010 0.427584 0.000010
0.000010 0.000010 0.000010 0.650247 0.000010 0.000010 0.349693 0.000010
0.000010 0.000010 0.000010 0.627457 0.000010 0.000010 0.372483 0.000010
0.000010 0.000010 0.000010 0.551238 0.000010 0.000010 0.429596 0.019116
0.000010 0.000010 0.000010 0.555736 0.000010 0.000010 0.420945 0.023269
0.000010 0.000010 0.000010 0.635384 0.000010 0.000010 0.364556 0.000010
0.000010 0.000010 0.000010 0.612631 0.000010 0.000010 0.387309 0.000010
0.000010 0.000010 0.000017 0.630549 0.000010 0.000010 0.369385 0.000010
0.000010 0.000010 0.000013 0.631512 0.000010 0.000010 0.368426 0.000010
0.000010 0.000010 0.000013 0.616049 0.000010 0.000010 0.383889 0.000010
0.000010 0.000010 0.000014 0.598425 0.000010 0.000010 0.401511 0.000010
0.000010 0.000010 0.000010 0.662747 0.000010 0.000010 0.337193 0.000010
0.000010 0.000010 0.000010 0.654759 0.000010 0.000010 0.345181 0.000010
0.000010 0.000010 0.000012 0.621948 0.000010 0.000010 0.377991 0.000010
0.000010 0.000010 0.000018 0.617650 0.000010 0.000010 0.382282 0.000010
0.000010 0.000010 0.000013 0.629722 0.000010 0.000010 0.370214 0.000010
0.000010 0.000010 0.000012 0.614536 0.000010 0.000010 0.385402 0.000010
0.000010 0.000010 0.000014 0.604225 0.000010 0.000010 0.395711 0.000010
0.000010 0.000010 0.000015 0.618707 0.000010 0.000010 0.381228 0.000010
0.000010 0.000010 0.000012 0.639314 0.000010 0.000010 0.360623 0.000010
0.000010 0.000010 0.000013 0.626998 0.000010 0.000010 0.372939 0.000010
0.000010 0.000010 0.000013 0.632270 0.000010 0.000010 0.367667 0.000010
0.000010 0.000010 0.000015 0.618114 0.000010 0.000010 0.381822 0.000010
0.000010 0.000010 0.000010 0.613665 0.000010 0.000010 0.386275 0.000010
0.000010 0.000010 0.000014 0.617881 0.000010 0.000010 0.382055 0.000010
0.000010 0.000010 0.000010 0.578875 0.000010 0.000010 0.421065 0.000010
0.000010 0.000010 0.000013 0.613912 0.000010 0.000010 0.386025 0.000010
0.000010 0.000010 0.000010 0.622572 0.000010 0.000010 0.377368 0.000010
0.000012 0.000010 0.000016 0.614288 0.000010 0.000010 0.385644 0.000010
0.000010 0.000010 0.000017 0.565695 0.000010 0.000010 0.434238 0.000010
0.000010 0.000010 0.000012 0.617879 0.000010 0.000010 0.382059 0.000010
0.000010 0.000010 0.000010 0.617138 0.000010 0.000010 0.382802 0.000010
0.000010 0.000010 0.000015 0.591062 0.000010 0.000010 0.408873 0.000010
0.000010 0.000010 0.000010 0.588403 0.000010 0.000010 0.411537 0.000010
0.000010 0.000010 0.000010 0.621611 0.000010 0.000010 0.378329 0.000010
0.000010 0.000010 0.000010 0.610931 0.000020 0.000010 0.388999 0.000010
0.000010 0.000010 0.000010 0.610346 0.000010 0.000010 0.389594 0.000010
0.000010 0.000010 0.000010 0.641190 0.000010 0.000010 0.358750 0.000010
0.000010 0.000010 0.000012 0.610490 0.000010 0.000010 0.389448 0.000010
0.000010 0.000010 0.000019 0.590482 0.000011 0.000010 0.409449 0.000010
0.000010 0.000010 0.000014 0.669805 0.000010 0.000010 0.330131 0.000010
0.097346 0.049225 0.142409 0.000010 0.663892 0.030399 0.016710 0.000010
0.001781 0.094755 0.190738 0.000373 0.617864 0.080879 0.011835 0.001776
0.035884 0.038744 0.119975 0.000010 0.751464 0.033294 0.010023 0.010606
0.000010 0.000010 0.000010 0.600156 0.000010 0.000010 0.399784 0.000010
0.000010 0.000010 0.000014 0.588746 0.000010 0.000010 0.411190 0.000010
0.000010 0.000010 0.000014 0.479045 0.000010 0.000010 0.520890 0.000010
0.000010 0.000010 0.000013 0.535990 0.000010 0.000010 0.463946 0.000010
0.000010 0.000010 0.000012 0.551590 0.000010 0.000010 0.448348 0.000010
0.000010 0.000010 0.000013 0.568219 0.000010 0.000010 0.431717 0.000010
0.000010 0.000011 0.000010 0.561398 0.000010 0.000010 0.438541 0.000010
0.000010 0.000010 0.000010 0.582012 0.000012 0.000010 0.417926 0.000010
0.000010 0.000010 0.000013 0.705605 0.000010 0.000010 0.294332 0.000010
0.000010 0.000010 0.000010 0.572985 0.000010 0.000010 0.426955 0.000010
0.000010 0.000010 0.000010 0.607673 0.000010 0.000010 0.392267 0.000010
0.000010 0.000010 0.000010 0.663780 0.000010 0.000010 0.333484 0.002686
0.004309 0.000010 0.006670 0.360621 0.006397 0.000010 0.621972 0.000010
0.000010 0.000010 0.000010 0.547033 0.000010 0.000010 0.452907 0.000010
0.000010 0.000010 0.000012 0.555999 0.000010 0.000010 0.443939 0.000010
0.000010 0.000010 0.000010 0.542650 0.000010 0.000010 0.457290 0.000010
0.000010 0.000010 0.000010 0.545993 0.000010 0.000010 0.438939 0.015018
0.000010 0.000010 0.000010 0.469894 0.000010 0.000010 0.511250 0.018806
0.000010 0.000010 0.000010 0.588355 0.000010 0.000010 0.411585 0.000010
0.000010 0.000010 0.000012 0.611566 0.000010 0.000010 0.388372 0.000010
0.000010 0.000010 0.000016 0.544172 0.000010 0.000010 0.455763 0.000010
0.000010 0.000010 0.000490 0.548070 0.000010 0.000010 0.451390 0.000010
0.000010 0.000010 0.000012 0.583206 0.000010 0.000010 0.416732 0.000010
0.000010 0.000010 0.000014 0.596290 0.000010 0.000010 0.403646 0.000010
0.000010 0.000010 0.000015 0.603943 0.000010 0.000010 0.395992 0.000010
0.000010 0.000010 0.000010 0.614892 0.000010 0.000010 0.385048 0.000010
0.000010 0.000010 0.000010 0.545433 0.000010 0.002185 0.432655 0.019687
0.000010 0.000010 0.000010 0.548261 0.000010 0.000010 0.433665 0.018024
0.000010 0.000010 0.000010 0.632888 0.000010 0.000010 0.367052 0.000010
0.000010 0.000010 0.000010 0.546097 0.000010 0.000010 0.453843 0.000010
0.000010 0.000010 0.000010 0.593482 0.000010 0.000010 0.406458 0.000010
0.000010 0.000010 0.000010 0.574831 0.000010 0.000010 0.425109 0.000010
0.000010 0.000010 0.000015 0.541389 0.000010 0.000010 0.445164 0.013392
0.000010 0.000010 0.000012 0.551347 0.000010 0.000010 0.432660 0.015941
0.000010 0.000010 0.000011 0.532448 0.000010 0.000010 0.467490 0.000010
0.040218 0.070751 0.138742 0.003001 0.655586 0.082402 0.009290 0.000010
0.023316 0.077932 0.156959 0.000010 0.643649 0.089151 0.008973 0.000010
0.040240 0.034996 0.113179 0.007081 0.753762 0.034847 0.009069 0.006826
0.111648 0.059409 0.150307 0.000010 0.643083 0.014086 0.021447 0.000010
0.000010 0.000010 0.000010 0.758944 0.000010 0.000010 0.240996 0.000010
0.000010 0.000010 0.000014 0.731954 0.000010 0.000010 0.267982 0.000010
0.000010 0.000010 0.000017 0.740881 0.000010 0.000010 0.259052 0.000010
0.000010 0.000010 0.000010 0.689444 0.000010 0.000010 0.310496 0.000010
0.000010 0.000010 0.000016 0.748018 0.000010 0.000010 0.251916 0.000010
0.000011 0.000010 0.000013 0.690154 0.000010 0.000010 0.309782 0.000010
0.000010 0.000010 0.000010 0.706234 0.000010 0.000010 0.293705 0.000010
0.000010 0.000010 0.000013 0.746389 0.000010 0.000010 0.253548 0.000010
0.000010 0.000010 0.000013 0.709549 0.000010 0.000010 0.290389 0.000010
0.000010 0.000010 0.000012 0.716538 0.000010 0.000010 0.283401 0.000010
0.000010 0.000010 0.000010 0.646701 0.000010 0.000010 0.338582 0.014668
0.000010 0.000010 0.000010 0.655675 0.000010 0.000010 0.324335 0.019939
0.000010 0.000010 0.000014 0.699750 0.000010 0.000010 0.300187 0.000010
0.000010 0.000010 0.000010 0.714624 0.000010 0.000010 0.285316 0.000010
0.000010 0.000010 0.000013 0.715945 0.000010 0.000010 0.283992 0.000010
0.000010 0.000010 0.000010 0.757259 0.000010 0.000010 0.242681 0.000010
0.000010 0.000010 0.000010 0.736442 0.000010 0.000010 0.263498 0.000010
0.000010 0.000010 0.000010 0.702647 0.000010 0.000010 0.297293 0.000010
0.000010 0.000010 0.000011 0.734420 0.000010 0.000010 0.265520 0.000010
0.000010 0.000010 0.000014 0.686356 0.000010 0.000010 0.313579 0.000010
0.000010 0.000010 0.000013 0.694405 0.000010 0.000010 0.305532 0.000010
0.000010 0.000010 0.000012 0.716116 0.000010 0.000010 0.283822 0.000010
0.000010 0.000010 0.000010 0.707398 0.000010 0.000010 0.292542 0.000010
0.000010 0.000010 0.000010 0.734161 0.000010 0.000010 0.265779 0.000010
0.000010 0.000010 0.000010 0.707974 0.000010 0.000010 0.291966 0.000010
0.000010 0.000010 0.000016 0.676990 0.000010 0.000010 0.322944 0.000010
0.000010 0.000010 0.000010 0.672470 0.000010 0.000010 0.305369 0.022111
0.000010 0.000010 0.000014 0.659962 0.000010 0.000010 0.319478 0.020506
0.039537 0.019025 0.076113 0.000010 0.837599 0.010161 0.017545 0.000010
0.000760 0.027139 0.122897 0.000010 0.798303 0.030542 0.019584 0.000764
0.116237 0.066986 0.194005 0.010431 0.581817 0.030504 0.000010 0.000010
0.167029 0.049634 0.103409 0.000010 0.661267 0.009163 0.009477 0.000010
0.155012 0.054101 0.098319 0.000010 0.664474 0.022281 0.005793 0.000010
0.188806 0.031498 0.065223 0.000010 0.695266 0.018987 0.000200 0.000010
0.093995 0.081684 0.149826 0.002164 0.633154 0.033024 0.006143 0.000010
0.000010 0.000010 0.066816 0.000010 0.842962 0.052101 0.000010 0.038081
0.000010 0.000010 0.234826 0.000010 0.643792 0.089243 0.005729 0.026379
0.000010 0.000010 0.000010 0.976447 0.000010 0.000010 0.020102 0.003401
0.000010 0.000010 0.000010 0.999930 0.000010 0.000010 0.000010 0.000010
0.000010 0.000010 0.000010 0.999930 0.000010 0.000010 0.000010 0.000010
0.000010 0.000010 0.000010 0.999930 0.000010 0.000010 0.000010 0.000010
0.000010 0.000010 0.000014 0.964000 0.000010 0.000010 0.035936 0.000010
0.000010 0.000010 0.000010 0.972611 0.000010 0.000010 0.027329 0.000010
0.000010 0.000010 0.000010 0.998445 0.000010 0.000010 0.001495 0.000010
0.000010 0.000010 0.000010 0.999930 0.000010 0.000010 0.000010 0.000010
0.000010 0.000010 0.001154 0.939034 0.000010 0.000010 0.055563 0.004209
0.000010 0.000010 0.000012 0.922442 0.000010 0.000010 0.074659 0.002846
0.000010 0.000010 0.000010 0.998833 0.000010 0.000010 0.001107 0.000010
0.000010 0.000010 0.000010 0.990088 0.000010 0.000010 0.009852 0.000010
0.000010 0.000010 0.000010 0.991474 0.000010 0.000010 0.008466 0.000010
0.000010 0.000010 0.000010 0.999930 0.000010 0.000010 0.000010 0.000010
0.000010 0.000010 0.000010 0.999930 0.000010 0.000010 0.000010 0.000010
0.135259 0.060224 0.091921 0.004722 0.679567 0.024219 0.004078 0.000010
0.101528 0.070025 0.143960 0.000010 0.635064 0.041240 0.008163 0.000010
0.124262 0.152517 0.129230 0.000268 0.515887 0.071035 0.006792 0.000010
0.121619 0.121042 0.183270 0.015880 0.472353 0.085816 0.000010 0.000010
0.130301 0.144625 0.173331 0.021384 0.463053 0.067286 0.000010 0.000010
0.088832 0.052486 0.156429 0.000010 0.679480 0.007884 0.014869 0.000010
0.127236 0.068105 0.102029 0.000010 0.636578 0.054330 0.011702 0.000010
0.000010 0.005316 0.164152 0.000010 0.683505 0.112734 0.000010 0.034263
0.150365 0.064578 0.111569 0.016563 0.637137 0.019769 0.000010 0.000010
0.134132 0.043168 0.128961 0.013815 0.656508 0.021172 0.002235 0.000010
0.000010 0.127991 0.124742 0.000010 0.493021 0.221691 0.000010 0.032525
0.000010 0.035931 0.130337 0.000010 0.675525 0.132808 0.000010 0.025369
0.139606 0.050326 0.121170 0.000010 0.656196 0.014114 0.018570 0.000010
0.073144 0.051599 0.143887 0.016066 0.694683 0.020601 0.000010 0.000010
0.104404 0.053959 0.154472 0.014148 0.646027 0.026970 0.000010 0.000010
0.129877 0.039222 0.142004 0.014394 0.664243 0.010240 0.000010 0.000010
0.072778 0.048624 0.144957 0.009262 0.694752 0.029607 0.000010 0.000010
0.127997 0.070641 0.146427 0.021379 0.628770 0.004766 0.000010 0.000010
0.123169 0.063151 0.047689 0.000010 0.724614 0.032999 0.008359 0.000010
0.000010 0.051625 0.188202 0.000010 0.584093 0.135157 0.001408 0.039495
0.119289 0.115293 0.126000 0.000010 0.575672 0.043481 0.020245 0.000010
0.100167 0.083962 0.202894 0.000010 0.603776 0.000718 0.008464 0.000010
0.119640 0.120004 0.147779 0.019172 0.518800 0.074586 0.000010 0.000010
0.107837 0.066520 0.162400 0.011403 0.623181 0.028639 0.000010 0.000010
0.112626 0.049486 0.115348 0.021494 0.630779 0.070247 0.000010 0.000010
0.077717 0.093671 0.177596 0.020816 0.592524 0.037656 0.000010 0.000010
0.000010 0.049432 0.120528 0.000010 0.651044 0.130399 0.000010 0.048567
0.000010 0.027727 0.148624 0.000010 0.664995 0.113783 0.000010 0.044841
0.000010 0.044330 0.133446 0.000010 0.589294 0.200732 0.000010 0.032168
0.129572 0.070041 0.121529 0.005811 0.606837 0.056874 0.009326 0.000010
0.055210 0.077357 0.130324 0.000010 0.696259 0.028308 0.012522 0.000010
0.015634 0.054098 0.160114 0.000010 0.728865 0.035570 0.005698 0.000010
0.000010 0.059836 0.153379 0.000010 0.744253 0.034818 0.007685 0.000010
0.061420 0.105442 0.172786 0.007305 0.613845 0.034553 0.004639 0.000010
0.132197 0.105629 0.128323 0.000010 0.563563 0.062627 0.007641 0.000010
0.095400 0.041991 0.112404 0.030277 0.678137 0.041770 0.000010 0.000010
0.138765 0.027019 0.080625 0.015416 0.690065 0.048090 0.000010 0.000010
0.098761 0.155267 0.111678 0.020616 0.555441 0.058217 0.000010 0.000010
0.123741 0.314594 0.062176 0.003167 0.174320 0.321983 0.000010 0.000010
0.118672 0.076735 0.135197 0.000010 0.605613 0.047518 0.016245 0.000010
0.111902 0.066876 0.142256 0.000010 0.622502 0.047724 0.008719 0.000010
0.039114 0.019015 0.085160 0.000010 0.853910 0.000010 0.000010 0.002771
0.001828 0.009422 0.288564 0.000010 0.678856 0.000010 0.021300 0.000010
0.046000 0.000015 0.132528 0.000010 0.761870 0.024536 0.000010 0.035031
0.000010 0.000010 0.305064 0.000010 0.596404 0.048709 0.000010 0.049783
0.000010 0.000010 0.233084 0.000010 0.655488 0.068845 0.000010 0.042543
0.088410 0.061450 0.288553 0.006972 0.466905 0.087689 0.000010 0.000010
0.058042 0.052462 0.256577 0.022974 0.567161 0.042764 0.000010 0.000010
0.022523 0.000010 0.255140 0.000010 0.622414 0.060303 0.000010 0.039591
0.042598 0.000010 0.261801 0.006411 0.603250 0.059880 0.000010 0.026040
0.064109 0.023504 0.163739 0.006650 0.739100 0.000010 0.002878 0.000010
0.050454 0.050124 0.226615 0.009368 0.597092 0.066327 0.000010 0.000010
0.049323 0.041167 0.268273 0.012663 0.579691 0.048863 0.000010 0.000010
0.044148 0.025126 0.354628 0.011814 0.562035 0.000010 0.000010 0.002229
0.000010 0.076654 0.299811 0.005244 0.517610 0.100652 0.000010 0.000010
0.044124 0.022805 0.283517 0.010051 0.621135 0.015567 0.000588 0.002214
0.005799 0.018284 0.365602 0.013771 0.405942 0.169401 0.000010 0.021192
0.057354 0.043843 0.268043 0.003099 0.619704 0.007938 0.000010 0.000010
0.003738 0.058110 0.431676 0.000010 0.437778 0.041635 0.027043 0.000010
0.000010 0.031722 0.169856 0.000010 0.622144 0.151190 0.000010 0.025059
0.000010 0.002022 0.173063 0.000010 0.684662 0.094098 0.000010 0.046125
0.000010 0.000010 0.130334 0.000010 0.745041 0.101111 0.000010 0.023474
0.071443 0.124492 0.138703 0.001537 0.554621 0.099812 0.009381 0.000010
0.089046 0.021629 0.053761 0.000010 0.793050 0.004390 0.021759 0.016355
0.116620 0.089322 0.155093 0.016036 0.595390 0.027519 0.000010 0.000010
0.154053 0.135940 0.133061 0.015615 0.510686 0.050625 0.000010 0.000010
0.113725 0.050643 0.051767 0.019983 0.750371 0.013491 0.000010 0.000010
0.141813 0.050480 0.112578 0.019535 0.664200 0.011375 0.000010 0.000010
0.098375 0.071348 0.155362 0.000010 0.645431 0.023171 0.006292 0.000010
0.088658 0.058951 0.185517 0.000365 0.633926 0.016918 0.015656 0.000010
0.122077 0.077185 0.153538 0.000010 0.586734 0.052488 0.007957 0.000010
0.103485 0.079684 0.166425 0.000010 0.612995 0.031706 0.005685 0.000010
0.087236 0.126029 0.233370 0.000010 0.484071 0.054904 0.014371 0.000010
0.062674 0.136758 0.210401 0.000010 0.491561 0.077210 0.021376 0.000010
0.096112 0.097250 0.213041 0.000010 0.513269 0.058886 0.021422 0.000010
0.103725 0.060461 0.194085 0.000010 0.603030 0.031074 0.007605 0.000010
0.104948 0.042765 0.141110 0.011577 0.679519 0.020061 0.000010 0.000010
0.094792 0.084497 0.141931 0.000010 0.568656 0.098309 0.011794 0.000010
0.000010 0.000010 0.101061 0.000010 0.813463 0.042750 0.000010 0.042686
0.083243 0.063834 0.137240 0.013767 0.659044 0.037836 0.005026 0.000010
0.085410 0.052074 0.113419 0.000010 0.677399 0.061748 0.009929 0.000010
0.088455 0.427185 0.067033 0.000010 0.167736 0.248050 0.001521 0.000010
0.118281 0.335771 0.049265 0.000010 0.323323 0.168692 0.004648 0.000010
0.108362 0.128208 0.163636 0.000010 0.516504 0.068941 0.014329 0.000010
0.067391 0.071408 0.113025 0.010268 0.690941 0.039130 0.000010 0.007827
0.000770 0.054819 0.317161 0.000010 0.589133 0.016355 0.018543 0.003209
0.019581 0.013783 0.271883 0.000010 0.673241 0.009118 0.012374 0.000010
0.016597 0.040819 0.229200 0.000010 0.695349 0.005207 0.012808 0.000010
0.000010 0.099864 0.299358 0.000010 0.508148 0.069376 0.014364 0.008870
0.077770 0.011843 0.175080 0.000010 0.728493 0.000010 0.006783 0.000010
0.079394 0.000010 0.298001 0.000010 0.600685 0.018103 0.003787 0.000010
0.077775 0.023105 0.132973 0.000010 0.752109 0.004400 0.009618 0.000010
0.044744 0.082343 0.310436 0.000010 0.500879 0.044874 0.016705 0.000010
0.022642 0.000010 0.268697 0.002384 0.607784 0.073828 0.000010 0.024645
0.000010 0.045117 0.268649 0.000010 0.651025 0.026017 0.004112 0.005060
0.000010 0.129356 0.314194 0.000010 0.485667 0.052078 0.010667 0.008019
0.037103 0.010099 0.058231 0.000010 0.893350 0.000010 0.001186 0.000010
0.000010 0.009252 0.355442 0.000010 0.609406 0.004689 0.013670 0.007522
0.006169 0.000010 0.286438 0.000542 0.669867 0.021182 0.000010 0.015782
0.029180 0.000010 0.261830 0.007585 0.643617 0.027026 0.000010 0.030742
0.000010 0.000010 0.224638 0.000010 0.674661 0.066440 0.000010 0.034221
0.000010 0.041143 0.148850 0.000010 0.590802 0.195536 0.000010 0.023640
0.000010 0.000010 0.194138 0.000010 0.659444 0.113793 0.000010 0.032584
0.000010 0.000010 0.186971 0.000010 0.643315 0.115496 0.009087 0.045102
0.000010 0.029696 0.193882 0.000010 0.636070 0.120061 0.000010 0.020261
0.000010 0.044114 0.158707 0.000010 0.598649 0.183002 0.000010 0.015499
0.003939 0.000010 0.094062 0.000010 0.763664 0.089591 0.000010 0.048715
0.000010 0.000010 0.137442 0.000010 0.701385 0.131842 0.000010 0.029291
0.000010 0.000010 0.160417 0.000010 0.692347 0.109522 0.000010 0.037674
0.000010 0.000010 0.100865 0.000010 0.729215 0.135519 0.000010 0.034360
0.000010 0.000010 0.190019 0.000010 0.681588 0.107413 0.000010 0.020940
0.411406 0.000010 0.000014 0.000010 0.588530 0.000010 0.000010 0.000010
0.082472 0.004958 0.587509 0.000010 0.302375 0.000010 0.022656 0.000010
0.088367 0.201900 0.218125 0.006751 0.335057 0.144463 0.005327 0.000010
0.022103 0.011768 0.419210 0.000010 0.518829 0.015890 0.004388 0.007802
0.004863 0.028732 0.233334 0.000010 0.687699 0.022535 0.010668 0.012159
0.000010 0.027729 0.386404 0.000010 0.555996 0.013124 0.016717 0.000010
0.125955 0.049895 0.380176 0.013752 0.404792 0.025410 0.000010 0.000010
0.132471 0.012203 0.279606 0.016860 0.558830 0.000010 0.000010 0.000010
0.142692 0.027213 0.186958 0.019985 0.623121 0.000010 0.000010 0.000010
0.151965 0.012328 0.155466 0.010411 0.669800 0.000010 0.000010 0.000010
0.005450 0.039910 0.318061 0.000010 0.608785 0.016512 0.005489 0.005783
0.018834 0.011767 0.293270 0.000010 0.657968 0.000010 0.018131 0.000010
0.085817 0.043304 0.252911 0.000010 0.599982 0.000010 0.017955 0.000010
0.005336 0.032565 0.242986 0.000010 0.664628 0.030451 0.010104 0.013920
0.000010 0.000010 0.236506 0.000010 0.591514 0.124137 0.006168 0.041646
0.000010 0.019845 0.317677 0.008039 0.475477 0.153836 0.000010 0.025106
0.160968 0.092900 0.267260 0.016249 0.416499 0.046104 0.000010 0.000010
0.133686 0.076043 0.247336 0.020370 0.495405 0.027140 0.000010 0.000010
0.000010 0.000010 0.512455 0.007967 0.332982 0.123490 0.000010 0.023076
0.000010 0.000010 0.322256 0.000010 0.603577 0.040222 0.000010 0.033904
0.118480 0.016105 0.261037 0.006295 0.598054 0.000010 0.000010 0.000010
0.129619 0.088202 0.301772 0.018507 0.417589 0.044292 0.000010 0.000010
0.073193 0.057711 0.302522 0.000010 0.513275 0.039457 0.013822 0.000010
0.073136 0.040756 0.376903 0.000010 0.491938 0.000010 0.017237 0.000010
0.079466 0.028565 0.247238 0.000010 0.644690 0.000010 0.000010 0.000010
0.073473 0.060495 0.229410 0.000010 0.620951 0.000010 0.015640 0.000010
0.137022 0.045113 0.136503 0.012062 0.660087 0.009193 0.000010 0.000010
0.125876 0.191752 0.274545 0.016045 0.309597 0.082165 0.000010 0.000010
0.041452 0.000010 0.189981 0.005159 0.573982 0.167179 0.000010 0.022226
0.031741 0.023888 0.137337 0.014310 0.584395 0.187851 0.000010 0.020468
0.046166 0.000010 0.139381 0.000010 0.708693 0.075122 0.000010 0.030607
0.045173 0.004056 0.204129 0.000010 0.545295 0.166021 0.000010 0.035307
0.000010 0.016789 0.169185 0.000010 0.644144 0.147635 0.000010 0.022217
0.030330 0.000010 0.179128 0.008217 0.586483 0.165121 0.000010 0.030700
0.031846 0.024392 0.175034 0.005397 0.588801 0.144489 0.000010 0.030032
0.000010 0.000010 0.112812 0.000010 0.734620 0.101829 0.000010 0.050699
0.000010 0.000010 0.218474 0.000010 0.655110 0.092534 0.000010 0.033842
0.002883 0.000010 0.199070 0.009260 0.618837 0.144884 0.000010 0.025046
0.059120 0.000010 0.165619 0.007768 0.593928 0.137560 0.000010 0.035986
0.000010 0.000010 0.284115 0.000010 0.572848 0.109053 0.000010 0.033944
0.000010 0.000010 0.249179 0.000010 0.673833 0.028277 0.000010 0.048671
0.030134 0.000010 0.516630 0.009686 0.373453 0.043388 0.000010 0.026689
0.097438 0.010366 0.115607 0.000010 0.761853 0.000010 0.014705 0.000010
0.128979 0.015189 0.054788 0.002280 0.798735 0.000010 0.000010 0.000010
0.115611 0.123853 0.230352 0.000010 0.481067 0.044615 0.004483 0.000010
0.092858 0.021360 0.396601 0.000010 0.469160 0.000010 0.019991 0.000010
0.000010 0.000010 0.578162 0.000010 0.347396 0.049211 0.000010 0.025191
0.000010 0.000010 0.294763 0.000010 0.573651 0.099036 0.003971 0.028548
0.056338 0.000010 0.245922 0.012081 0.581264 0.067854 0.000010 0.036521
0.000010 0.021298 0.410913 0.000010 0.543277 0.012442 0.012040 0.000010
0.007464 0.040264 0.397245 0.000010 0.527639 0.007482 0.019887 0.000010
0.035462 0.000010 0.419487 0.000010 0.488937 0.033512 0.000010 0.022573
0.060901 0.123296 0.373460 0.000010 0.374215 0.052640 0.015468 0.000010
0.083805 0.183399 0.304519 0.000010 0.298611 0.104303 0.025343 0.000010
0.019986 0.082993 0.324163 0.000010 0.449327 0.109221 0.014289 0.000010
0.049690 0.013135 0.192537 0.000010 0.735458 0.000010 0.009150 0.000010
0.000010 0.000010 0.187237 0.000010 0.757965 0.019550 0.000010 0.035208
0.000010 0.000010 0.166698 0.000010 0.785674 0.014951 0.000010 0.032637
0.000010 0.000010 0.135321 0.000010 0.807810 0.027603 0.000010 0.029226
0.000010 0.076114 0.262650 0.005483 0.347654 0.277418 0.000010 0.030662
0.000010 0.000010 0.364890 0.000010 0.557474 0.038438 0.000010 0.039158
0.096055 0.087139 0.145029 0.000010 0.603129 0.061529 0.007099 0.000010
0.106062 0.016067 0.122229 0.005610 0.742295 0.000010 0.007716 0.000010
0.053275 0.011460 0.159018 0.000010 0.762748 0.000010 0.013468 0.000010
0.068860 0.022045 0.212080 0.000010 0.684852 0.004925 0.007218 0.000010
0.000010 0.075752 0.418974 0.000010 0.471242 0.018837 0.015164 0.000010
0.000010 0.081102 0.384865 0.000010 0.471350 0.040612 0.022041 0.000010
0.000010 0.037251 0.383923 0.000010 0.565636 0.005414 0.007746 0.000010
0.000010 0.039021 0.354113 0.000010 0.591550 0.004329 0.005665 0.005301
0.084104 0.019508 0.000327 0.002284 0.875369 0.000562 0.000010 0.017835
0.132179 0.001811 0.000010 0.000390 0.833719 0.020383 0.000010 0.011499
0.079802 0.000010 0.000905 0.000010 0.907084 0.008189 0.003989 0.000010
0.054533 0.006863 0.000010 0.000010 0.922672 0.005594 0.009519 0.000798
0.123789 0.009342 0.000010 0.000010 0.858767 0.008062 0.000010 0.000010
0.123332 0.014237 0.002548 0.000010 0.859843 0.000010 0.000010 0.000010
0.134794 0.000010 0.000010 0.001468 0.844562 0.019136 0.000010 0.000010
0.117041 0.000010 0.000010 0.000010 0.870271 0.012639 0.000010 0.000010
0.151339 0.000010 0.000010 0.001758 0.839272 0.007591 0.000010 0.000010
0.144594 0.006892 0.000010 0.000010 0.847101 0.000010 0.001373 0.000010
0.160822 0.000010 0.000010 0.000010 0.839113 0.000016 0.000010 0.000010
0.150530 0.000010 0.000010 0.000010 0.849410 0.000010 0.000010 0.000010
0.159546 0.000010 0.000010 0.000010 0.840394 0.000010 0.000010 0.000010
0.160508 0.000010 0.000010 0.000010 0.839423 0.000020 0.000010 0.000010
0.171903 0.000012 0.000010 0.000010 0.828036 0.000010 0.000010 0.000010
0.167800 0.000010 0.000010 0.000010 0.832140 0.000010 0.000010 0.000010
0.133855 0.008515 0.000010 0.004242 0.850254 0.003104 0.000010 0.000010
0.138448 0.017818 0.000010 0.004792 0.838902 0.000010 0.000010 0.000010
0.109725 0.012857 0.000010 0.006149 0.856590 0.014648 0.000010 0.000010
0.133880 0.005100 0.000010 0.000010 0.844755 0.015972 0.000264 0.000010
0.145770 0.011774 0.000010 0.000010 0.825088 0.009303 0.008034 0.000011
0.139528 0.000491 0.000010 0.000010 0.842202 0.017739 0.000010 0.000010
0.181427 0.003748 0.000010 0.000010 0.808353 0.006433 0.000010 0.000010
0.147820 0.005264 0.000013 0.005331 0.841543 0.000010 0.000010 0.000010
0.004659 0.038946 0.233290 0.000010 0.686833 0.023446 0.010578 0.002237
0.000010 0.217361 0.237812 0.000010 0.368781 0.166098 0.009649 0.000279
0.002409 0.055780 0.331262 0.008636 0.393921 0.170917 0.000010 0.037065
0.000010 0.000010 0.720426 0.000010 0.271087 0.000010 0.008437 0.000010
0.006798 0.000010 0.485571 0.000010 0.482058 0.008613 0.012757 0.004183
0.002377 0.000010 0.689271 0.000010 0.305667 0.000010 0.002645 0.000010
0.000010 0.000010 0.999930 0.000010 0.000010 0.000010 0.000010 0.000010
0.078960 0.022937 0.439016 0.008970 0.412132 0.037964 0.000010 0.000010
0.076243 0.006669 0.624186 0.009220 0.283653 0.000010 0.000010 0.000010
0.029928 0.000010 0.009037 0.000010 0.217253 0.000010 0.000010 0.743742
0.061855 0.000010 0.008698 0.000010 0.202553 0.000010 0.001239 0.725624
0.041199 0.000010 0.012465 0.000010 0.222358 0.000010 0.000010 0.723938
0.035796 0.000010 0.000010 0.000010 0.273332 0.000010 0.000010 0.690822
0.000010 0.000010 0.000010 0.846863 0.000010 0.000010 0.143120 0.009968
0.000010 0.000010 0.000117 0.851351 0.000010 0.000010 0.105439 0.043053
0.000010 0.000010 0.000010 0.860506 0.000010 0.000010 0.118286 0.021158
0.000010 0.000010 0.000010 0.851099 0.000010 0.000010 0.124498 0.024352
0.000010 0.000010 0.000010 0.884948 0.000010 0.000010 0.093974 0.021028
0.000010 0.000010 0.000010 0.894399 0.000010 0.000010 0.105541 0.000010
0.104137 0.019687 0.001110 0.004487 0.865593 0.000010 0.000010 0.004967
0.079092 0.016655 0.001778 0.000010 0.900526 0.000010 0.000320 0.001609
0.111721 0.009085 0.003000 0.000010 0.874273 0.000010 0.000010 0.001891
0.122314 0.011028 0.000010 0.000010 0.866609 0.000010 0.000010 0.000010
0.102562 0.002076 0.004968 0.000010 0.874241 0.008195 0.000156 0.007793
0.079019 0.000018 0.000010 0.004789 0.897901 0.012570 0.000698 0.004994
0.051894 0.015008 0.000010 0.000010 0.927171 0.000010 0.005886 0.000010
0.098171 0.012727 0.000010 0.001079 0.878641 0.008220 0.001142 0.000010
0.071014 0.006316 0.000010 0.000010 0.910625 0.000010 0.002008 0.010007
0.108663 0.009691 0.000883 0.000010 0.873618 0.000010 0.000912 0.006212
0.061390 0.004549 0.000010 0.000010 0.908066 0.008412 0.009255 0.008308
